"","X1","X2","X3","X4","X5","Y1","Y2","Y3","Y4","Y5","Y6","Y7","Y8","Y9","Y10","Y11","Y12","Y13","Y14","Y15","Y16","Y17","Y18","Y19","Y20","Y21","Y22","Y23","Y24","Y25","Y26","Y27","Y28","Y29","Y30","Y31","Y32","Y33","Y34","Y35","Y36","Y37","Y38","Y39","Y40"
"1",0.023833619141303,0.00310212683086434,-0.000195244726139666,-0.00888884578624661,-0.00751221814298283,-0.0677283388034762,-0.0405897610875318,0.0103628444578862,0.0432712939568369,0.0234805050292084,-0.0145858847150601,0.028475384462219,-0.0452527603719586,-0.00221748808317451,-0.0583753234516895,-0.121028961156599,-0.0695799421186412,0.0287930183599575,-0.0104866203918011,-0.0481514780130888,-0.0307738147666377,-0.06013818465832,-0.0402517551038691,-0.0521086030265144,-0.039070290540662,0.0366455118140456,0.0337863072628129,-0.0177162640840787,0.00147667125227775,0.00168746479474272,-0.00455747269227226,-0.0439505113926834,0.0130088060879359,-0.0485510347416967,-0.000966146591572072,-0.0289824987350411,-0.0116437498576146,0.0617106859067008,0.00411982728466606,-0.00953219969212793,-0.0412305740510874,-0.018304865592378,-0.0297795446278206,0.0269537865946748,0.000373444203883603
"2",0.0233129117371085,0.0476411366243693,-0.00716522572291441,-0.0168712793794788,0.000225450118780463,0.0185919912355394,0.000674965995360186,-0.0353080847761373,0.0318891807396949,0.022596576603887,0.0155223976819491,-0.00602442353823839,0.0102828321697397,0.0410214869906425,-0.0615495854767294,-0.0406333934470141,0.0783728789653187,0.00670734177905858,-0.016900355276157,-0.0219084455466186,0.012205938675501,-0.0565641125830851,-0.0268205126031173,-0.0337196647375555,0.00838729542059653,-0.0701215755244704,-0.0225805001406037,0.0109129154728791,0.0534187388817563,0.0400652115714378,0.0320345879265497,0.020331670323916,0.00287689621870086,0.0223571468214406,-0.0747007173618947,0.0207775602906961,-0.0629749258828237,0.0475567101590749,-0.0202642261444529,-0.0590666409096817,0.0770683746683918,0.0304072657005984,-0.0411066553198295,-0.0450897843997188,-0.0552009466404821
"3",-0.00738300353405658,0.0160190134642503,-0.026757274183888,-0.040594795287217,-0.00442011147263727,-0.0345719906309922,0.00583950520859603,0.0555827116872095,0.0870310196295717,-0.0362983611761103,-0.0390955254487549,0.0981973351380371,0.0552657704474034,0.0149086902417262,-0.0180006737278643,-0.00335648494428604,-0.017565958081435,-0.054602561883544,0.0198744202370106,-0.0417678698100167,0.0200884370621395,0.0114474411673777,-0.0378693470574595,0.0221722253581418,0.0038460572096533,0.0346571321630266,-0.0607928355203333,-0.0135381255640338,-0.00128682181230787,0.0287533846796431,0.00872973284718059,-0.00129200434628831,-0.0784014436709769,0.0591167997676138,-0.0383419694962276,-0.0899550610004835,-0.0237302883072907,0.0274428693491127,0.00717789193910968,0.00251500755155104,-0.0249466790523562,0.0274569826253073,-0.0464723700909564,-0.0215381559620263,0.0140522190083169
"4",-0.0301804721888528,0.0176133092667139,0.00887027774430183,0.00124781390169657,0.00384181601074211,-0.049984702769489,0.0803167656169947,-0.0399697373893065,0.0508817400542639,0.0465147626788923,-0.0348910983482721,-0.0582681685486037,-0.0570399309378534,-0.0265323050192819,-0.00924052209096714,0.0662207644176349,-0.0815981947648464,0.0477938973693643,0.0182833268708441,0.0706069381091498,0.0651931453015512,-0.0241786931468234,-0.0381853073335284,0.0546539824183018,-0.00992235972882474,-0.070829142897282,0.0511240467584029,-0.0159898587410304,-0.00787421420423287,-0.00215148375636194,-0.004949238789677,0.00585196069116104,0.0494157134658776,0.00344233642787475,-0.00252309591186227,0.0148980119776451,0.0564462285221363,0.0262074076926443,0.023462775400136,0.0158598741947199,0.0325243526589134,0.00803075386383516,0.019674299450264,-0.0330560242429359,-0.023032773680812
"5",-0.0379009113988433,0.000826576139549432,0.0363314800127219,0.0241346755603337,0.0138169091571551,0.0357844993951808,0.0609676934824449,0.0368440203433706,0.0540460654059148,0.0154663803045198,-0.0418058714109068,0.000788448312414376,-0.0218272317000472,-0.00794665790553418,0.0578115532413005,0.0181906052082661,0.023582098301638,-0.0301875836187858,-0.0252314216662327,-0.00276265750011666,0.0275717553126769,-0.0138366690477698,0.0290570478225622,0.0541102413748107,-0.0283457029030996,0.0142269076401338,0.016873083884761,0.0153717948172179,0.0226177524398947,-0.0413057632878762,0.0677979772167224,0.0467218479880431,0.0447951867662119,-0.0547477235685324,0.00421095733306187,-0.0668935699477247,-0.0330509842644575,0.0366589807448832,-0.0234622644155993,-0.0279724941760607,-0.00678571683268778,-0.0128492431196645,-0.0213712429771753,-0.0351293144231338,0.0935226409574167
"6",-0.0110570223965211,-0.0439803312316692,0.0433440565721893,0.0268680372106328,0.0238241130670408,-0.00592791350488792,0.0221045217901191,0.0241338188731618,0.0141100759350567,0.06279904824662,-0.0149161695055891,0.0449993899036972,-0.0349879477475242,0.0672051257920561,-0.0138103243582919,0.0518775967975816,-0.0925356827704881,-0.0233062479097593,-0.0401045478653796,-0.0282063787078113,0.021278783380076,-0.0486968589522893,0.136580958055533,0.114008888620185,0.0675807464475383,-0.0205909624016581,-0.0755952928598713,0.0644650812625786,0.0409494059004683,0.024555338684376,-0.0259029001608993,0.0514384694642933,-0.00202984739020908,0.0190564229267535,0.00259919765447575,-0.0332155069020789,-0.0758686338181346,0.100493106555971,-0.0368329941620323,0.106495471148886,-0.0573075180402486,0.0710763524121369,0.0204324226097013,0.0136206690055993,-0.0219153445844321
"7",0.0384238575109779,0.0152297669230039,0.00527717538414023,-0.0221054070957058,0.0147643711794602,0.042780359787207,0.0381894668804801,-0.0779378901138757,0.017123849691237,-0.00455597855943391,-0.052404794278044,-0.00840004892234272,0.0530651617491891,0.0069290012382919,-0.0559935554171865,-0.0830567455417417,0.00685147945170132,-0.0612468623719029,-0.0681945925461502,-0.00586938704373895,-0.0267988843325656,0.00172176689070893,-0.0468921947785243,-0.0383456470473391,0.035792903192769,-0.126078087320495,0.0467298641868077,-0.0329319087415367,-0.0728012319305328,-0.0227635494727644,-0.0436939938905291,0.0145726693736363,0.0437943136494067,0.0179629170550827,0.0270708024010438,0.0184463042379023,0.0194674631039764,-0.00297958162758959,0.031103213395756,-0.0290625637971715,0.0182044203260316,-0.0382723414694293,-0.110245832103648,0.107792728177303,0.0480106246827053
"8",0.00677799343841323,0.00285881924409139,-0.0107945094652249,0.0192306341147169,0.000883184742571598,0.014665581907215,0.0178469481774062,0.044476702706258,0.0142667529145774,-0.158458323328864,-0.0549233320124263,0.0177977879097662,-0.0215992939809878,0.106408644943046,0.0206849058723624,0.099892933858496,0.042117420605381,0.0640616994612614,-0.0350479391709914,-0.00959373763261032,-0.0234193868169694,0.0166838282035458,-0.060562102430265,0.0377561615777787,-0.0664522091377178,-0.00773008491021492,-0.0285294915414562,-0.00649008767212906,0.0206435482615765,0.0240110097698004,0.0527091394261358,-0.00845671753977887,0.0456400298868386,0.0219139983074716,-0.036385656523788,-0.010500949217573,0.0296497827040231,-0.0968759368989927,-0.00850201812683766,0.0717918289517875,0.0112723107134261,-0.0362414737718778,5.8738344056051e-05,0.0476649241972636,-0.0229680385610569
"9",0.0779259674638259,0.0139116446064939,-0.0281651468460351,-0.0357382551422622,-0.0140790118318896,-0.00453312292352457,-0.0165293942099997,-0.0466484830038208,0.0148027300602878,-0.0288675402173202,-0.0163857577592152,-0.03448431205838,0.0132516386719664,0.0239938035539082,-0.0272128085979357,-0.0392453245455879,0.000227400854804681,-0.0147611785596739,-0.0361613700935595,-0.0394616743954495,0.00798995456796977,-0.0698134022867007,-0.0510552644063897,-0.0704497181358778,0.123227675643684,-0.0381931729353967,0.0114633363387947,-0.0344894877489221,0.00520580196944359,0.0102496000164838,-0.0152821791148406,0.069328918831843,-0.0334073992645701,0.0498705294212416,0.0442825734008037,-0.0611574543373737,0.0764766643118327,-0.0705356073310767,-0.129006072925203,-0.0270579052668249,0.00258865355597526,-0.0183737356829151,-0.034527699091173,0.105893515830074,-0.0472824831522536
"10",0.0732061254834723,0.0347055018035169,-0.000516815243364751,-0.0147147803752058,0.000803041016396334,0.0054680853284357,-0.0346703256976601,0.00751997602835636,-0.0155137503224472,0.0835103021948713,0.00231490975049031,0.0187102115122922,-0.0477574965452345,-0.0065805006597234,0.0690803499800559,-0.0420386273328602,-0.121027296169827,-0.0484216817765134,0.053644495665858,-0.0173180686639928,-0.00647479475641296,0.00305995174807114,-0.060035881236221,-0.103027194915687,0.0380277260333442,0.0323144176427671,0.0362104590576191,-0.00750578772846994,0.0245379158375899,-0.0730494048323001,0.0143615157905671,-0.00124663074192651,0.0327080965684341,-0.0116604694496919,0.0485032431733697,0.00658241703591508,-0.0186971277298741,-0.0452483352189493,-0.102004456621209,-0.0093295272525251,-0.0810701213246278,-0.0738673848583892,-0.0105610279587427,-0.0494071494057788,-0.068708603028669
"11",-0.014585965833994,0.0183473424428637,0.0029666877956355,-0.000726150348566317,0.0148459024831846,0.00690686839690152,-0.00273247634952312,-0.0182180934575581,0.169244311936079,0.0448386472935961,-0.042872146771528,0.0845082202485362,-0.031234233555932,0.0649712322875088,-0.00485965840380441,-0.00251085780213212,-0.0498607514324433,-0.0188293262304418,0.00322411424376613,-0.0509326370138291,-0.01411400884221,-0.026416124646037,0.0241701366874391,-0.0012521828281522,0.00467830606242586,0.0546235376850289,0.0526758454658148,0.0536523706713095,-0.0642563708812455,-0.0240296363393737,0.0506270531428002,-0.0255223489186607,0.0430762692478653,0.0282657989771988,0.0375953022876127,-0.0705799450558939,-0.0181948117755189,-0.0606172554697708,0.021280356977071,0.0940343002552321,0.0502032753309569,0.00010391155402528,0.0977594183299645,-0.0479247240189737,-0.0182506268112421
"12",-0.00154544706912208,-0.0140066008645854,0.00642544372208583,0.0212459825514081,0.0149061524603392,0.0340371305039955,0.0314021579543671,-0.0274828748456701,-0.0298298807305866,-0.0155558324663612,0.0111551996895081,0.0692289161910121,-0.0539598189508446,0.0361942950352055,0.0239590808062084,0.0458992172200498,0.0220794578274309,-0.0616988538216813,0.0469081085688737,-0.00998316819348727,0.0250714743929019,-0.0561536104016402,-0.0622727135805009,0.0913307511366065,0.02758042235923,-0.0412082214133345,-0.0325357339160365,0.0553815552215948,-0.0638679429198918,-0.0155777138847093,-0.00700434046382545,0.0131280855292213,-0.0570243256315155,0.0140386277674999,0.00312337835765737,0.00130970275650368,-0.0109083642576235,0.0702609982444554,-0.0151831840688508,-0.0155032453246212,-0.10397896137667,0.0952450390227947,-0.102634128207503,0.0496125895109825,0.00100451305325603
"13",-0.0604082787090748,0.0185092107506588,0.067659589376096,-0.0146634899206083,0.0030203724608908,0.078605309312418,-0.0101640556733939,0.0548101294767724,0.0764042769893966,0.0337710946310111,-0.0124883586875174,0.0435742748478817,-0.00521925211298593,-0.00972084938885106,0.0200070170320631,0.0325065514693181,-0.129430210650507,0.0359758694057689,-0.0357433540664473,0.0704827173625764,0.0881070155458995,-0.0311060665674985,0.0817091907167911,0.035513870513893,-0.0858998425149076,-0.0565731893430606,0.0757235579072892,-0.0651284694122027,0.0212962800583856,-0.0254609459226538,0.0651422942733673,0.0299069950858654,-0.091464521805638,-0.0578564832255054,-0.0227459544138812,-0.0704223495333304,-0.100921443424619,0.0343343417718877,-0.00978654030065519,0.0411462158114448,-0.00818440528009472,0.00810492476027465,0.0428224648728397,-0.104772668458243,-0.0186155570933349
"14",0.0880397838434397,0.0243493796918927,-0.0039979618873521,-0.000372121531875554,0.00600911459677231,-0.0115469581896278,-0.00508307893874636,0.0698105622307732,-0.0260135532302731,0.0324998892237342,-0.0307728803260206,0.0515286406894436,0.0361508120205987,-0.0442248833133596,-0.0380879536992207,0.00667675233013759,-0.0217341864808972,0.0440331436714529,0.0451598876445019,-0.0263523754872252,-0.0535370059571781,-0.0299675296442882,-0.0264372897721164,0.0202499055970289,-0.0126642265463871,0.0267701622979401,0.0399525614990402,-0.0392138728424275,0.015723082725304,0.0793316652768817,0.0589516031486617,-0.0506360303970153,0.0227857242246198,-0.0544638873310665,-0.0529095367537203,-0.0195521026154097,-0.0793840038378464,-0.0377695055022002,-0.00720954119776769,0.0219479059082392,-0.0683517425748903,-0.0626576087258353,-0.0527336073417775,0.0488972928520872,-0.0447980704852208
"15",-0.00514852636266441,-0.0174888798672806,0.0273865367654239,0.015207947861843,-0.00822375070904346,-0.0414524965520783,0.0222734179034365,0.0137137635624254,-0.00762492336514517,-0.0137383002578104,-0.0490233446324519,0.0822858524714509,-0.0347277092412008,-0.063174837122099,-0.0523641630956339,0.0818438693673223,0.0257493155607483,-0.010034149186272,-0.0180613107455267,0.0225196448636062,-0.0411985855416883,0.0241620062789644,0.0537822204609412,0.0611011440404161,-0.022357813854524,-0.0205560998455502,0.00451527405771999,-0.0261704479099565,-0.0675901816772769,-0.0238203376571082,-0.0485844356293157,0.0597348645135713,0.0312061907559089,-0.00134069291792888,-0.0679755356229234,0.0517629155471469,-0.028455646785672,0.000818516245379671,0.0512983451931262,0.0203834878419497,-0.0211135098246965,0.0496192076338994,0.000315258486841906,-0.119246480744935,0.028069460967092
"16",-0.0523807543923271,-0.0106809995454724,-0.0199956167957323,-0.024020081128828,-0.00142040832800018,-0.00771013807571099,-0.0302404706145111,-0.0351547113590177,-0.0199153407338556,-0.00120622812985011,0.013412871759991,0.0338758937025068,-0.00781900081817644,-0.0166599093001817,0.0811406760941031,0.0226250297700629,-0.0345433126938763,-0.0152481040174477,-0.0878653060216708,0.0167946002614701,-0.0390706326188374,-0.0131957303278801,-0.0151356809371867,-0.0224866777726746,-0.0225122367458671,-0.00202626857886387,0.0449726752678162,-0.0211776113666091,-0.0345043943465136,-0.021848625030816,0.021276016745647,0.0205260108287457,0.0277237412939777,0.0443417644561543,-0.00219520303342207,-0.0575865684812492,0.0151010558801216,-0.0322278614997414,-0.0252567015019998,-0.0135070140868395,-0.000422331379787217,-0.00728438750858026,-0.0261602730250317,0.0660604177848406,0.0274071537252242
"17",-0.00569898546247104,-0.0371838390016266,0.0153866752884363,0.0182438013849604,0.0162399460190288,0.0264141937872836,0.131137299059083,0.0358844462967064,-0.051535198839216,-0.101910479075332,0.0660786610438956,-0.106922938459497,0.0428728400663301,-0.0210714990743919,0.0463920786903555,-0.0341800803259538,0.00409479445470651,0.00957949040207646,0.0620598439150293,0.0391970304401565,0.0332537503205443,0.0657335708040168,0.0236448240078912,0.0516657268007629,-0.0384597007254823,0.00775739515572828,-0.0682575683940022,0.0165382993043957,-0.0294895637519213,-0.0527829632955937,0.0156532101602481,0.0308045095295584,0.0417247145328702,-0.0283554181100832,-0.00277330909300058,-0.0105635214093653,-0.00285256611193379,0.0596774298365309,-0.00454166678028122,0.00486123068548226,-0.0773188235706109,0.0300608009380436,0.0378419510770585,0.00834191691394121,0.00856245161634522
"18",0.00619601585067055,0.00827833858724349,-0.010857816594071,-0.0231014840420594,-0.0172057493688465,-0.00936987578570776,0.0205315478916251,0.0286382898310146,-0.0208627040873904,-0.0074614553639203,0.0919956661536503,-0.0126556515856159,0.00300780233418438,-0.118110421466196,0.0312860673014869,-0.0280297038183692,-0.0815494018856402,-0.00138410609729919,-0.0538151876848318,-0.067637899861255,0.027862463582672,-0.00609101167488603,0.00618176130595224,-0.0244023272378839,-0.0585313898154471,-0.0857589121630708,0.139820617294824,-0.0133892657407851,-0.0403152909043387,-0.0419083807536929,-0.0745497410979175,0.0209506154216701,0.0108560182165948,-0.0409307732909371,-0.0814379710361455,-0.0210830691065528,0.0271992398478351,0.00492145023994398,0.00320620367281727,0.0233351734708477,0.0193897998126513,0.0552897643044057,-0.025512401725581,0.013305609699365,-0.0203943768317299
"19",0.0195681511628827,-0.0166885247365108,-0.0332548568640314,0.0175353284735765,-0.00469779765890287,0.0765931812084253,0.0347826096531111,0.00243874159026769,-6.75865430083116e-05,-0.134276704843231,0.0324192995739686,-0.0454895283220292,-0.0238512930721025,-0.0252366456642289,-0.0656640373454877,-0.00765415626891013,0.032088422989961,-0.0711579618769319,0.0442193561459247,0.0749031851344739,-0.014915891703384,0.0367565635283073,-0.0215007140617345,0.122176969597654,0.0292423228402716,0.0897866400419105,-0.0131707902637512,-0.0571241292585143,0.0597493660851477,0.0430538173743368,-0.00980047418636223,-0.0839354029151507,-0.0307444598781606,0.00420994349758775,-0.0498613261068431,0.101365995819845,0.0761442068629666,-0.0607098832781033,-0.00508313890272232,0.0177849898616303,0.0167324168357573,-0.0457853000725138,-0.059035406450544,-0.00581506142288694,0.0557906581040297
"20",-0.00509552399820282,0.00459654333928684,0.0338504308966946,-0.0174371905276598,0.0132655509372008,-0.12029752392664,0.00549966388160274,0.0279254539888689,-0.0669512101902429,0.0925748404218086,-0.0532220735587435,-0.0260109709616102,-0.0317452553390193,0.0443456385257202,-0.052744251363733,-0.0159967597819102,0.00124094675715625,-0.0128187716010472,-0.00838905792798044,-0.0986085762381341,0.00523062552137795,-0.0194333778086023,0.027616936302647,0.0211912036806093,-0.0855466815021788,-0.110872822937104,0.0283144194171235,-0.0788907284488359,0.00349590606899642,0.0371193125672311,0.0112512154925809,0.00712258417136092,-0.0601249289499625,-0.00396305417122658,0.0802033694110323,-0.0603950351818765,-0.00154846464078455,0.0183603969845825,-0.0412834903236988,-0.00908777068870383,-0.0592481160383648,-0.0689634039799283,0.00689012459012121,0.0549752939846187,0.0226001876254826
"21",-0.0196024136192109,-0.0242337527652609,0.0098863788806933,0.00512778837846662,-0.0136800817694017,-0.0320122767923485,-0.00797738163944952,0.0517441798611107,-0.0192921097571558,-0.0418067070327928,0.048336784162099,0.00411279205172272,-0.049982834497235,-0.0748652478377091,-0.00589929885412031,-0.0449331193708675,-0.00261610872256784,-0.00295825917347504,-0.0338616688249637,0.0214880292517688,0.00936166455442168,-0.0180787503559082,0.0455344754340731,0.10094108120825,0.0122924194742491,0.0580210608197257,-0.0137638315046459,0.0132980801257954,-0.0263240874669684,-0.0455410038967326,-0.0315853832672907,-0.00503032300233653,-0.0609663042471389,-0.0032909096104569,0.0374922586656119,0.0260879108004273,-0.0214632609023891,0.0438991739590979,-0.0161097190546149,-0.00966187543897224,-0.0459603675045523,0.0375930801599004,-0.00695177615436396,-0.00404730762878019,-0.0799718666631029
"22",0.0225806920843715,0.0281755183875341,0.00515175771948391,0.0174721708573415,0.0206812099956141,0.0393460410092491,0.00988092964841947,0.000775086059244756,0.0771443145737418,-0.0139830599527589,0.0175675539153856,0.0135740498333184,-0.0234080002843578,-0.00872498687147926,0.00235736470654536,-0.0722877726072571,0.0039013869274778,0.0820256757602774,0.0398828133223877,0.0226098958852524,0.0163163189132081,0.0429426158167824,0.0116779306648509,0.0884073237126549,-0.0219432029197763,-0.0448104290286483,-0.0800465441742498,-0.0309965837873307,-0.0336568953495772,0.0161963412237974,-0.0387862905698015,-0.00834015646529241,-0.00135639555059671,0.00409630101581275,-0.0166765304650002,-0.0639258121104326,-0.0587374939834124,0.0510262029043125,0.0324237876246569,0.0343647277982299,-0.0789050843276338,-0.0607183689311209,0.00654429729674301,-0.0294430829057635,-0.132299035813959
"23",-0.00966342679953977,-0.0224626604742227,0.0705439729988384,-0.017543696870016,0.0264789798554338,-0.0584871239204802,-0.0346852074016984,0.0463007754041822,0.0261394580021167,0.0661911777069412,-0.106661393859417,0.0159987286411895,-0.00699102490506998,0.00099827387617635,0.0598425439343726,0.0589492210330408,-0.0161582290890069,0.115370943525787,-0.0438862068089505,-0.0535387328578647,0.00955336050664408,0.00900434164545156,0.000813270975981363,0.0738854342473302,-0.0121454531930522,-0.0637037417255134,0.0591208743865426,-0.0242888046275156,0.00730028799414703,0.0461076763730409,0.0608892638117038,-0.0218735007957324,0.00977268927271616,-0.0345068631739755,-0.0102117974761143,-0.102430337410686,-0.087755041266372,0.0700590141022215,0.0130493380530194,0.042821528747272,-0.021113471332865,-0.00239168735747975,-0.0758175211306449,0.00748586873738495,0.0139319205390179
"24",-0.0511108169609571,0.0291101448854095,0.0135577494054453,0.00363996538508417,0.0241481164321166,0.015769390985508,0.0214790926555808,-0.0176591276308672,0.0857772749214957,0.114146391987023,0.0148760481326134,-0.0173844705433303,-0.00837291152227624,-0.0816762928788917,-0.0265870130108894,0.0170368954551056,-0.035126507361086,0.00762678679154148,0.0156299009575228,-0.0420756599022448,0.0500244733825592,-0.0182560919326957,0.0597473394069082,0.0194986924247964,0.0792166416740356,-0.0405357790238208,-0.0407509513634139,-0.0309498608130205,-0.0194368065653813,-0.0754610244833678,0.00489270026856319,0.00665121771681951,-0.0353199906944346,0.0358948271372484,0.0746918333068433,-0.0677844302642961,-0.0238198756857421,0.0237722241994772,-0.0308243247207884,0.0275087840406906,0.0415398595089443,-0.00364391005403238,-0.0102776903059713,0.0429217892784784,-0.00931115497208059
"25",-0.0143117243868589,-0.0473459368807748,0.0358183474363512,-0.0109904947013724,0.0418052936179165,0.0203899735364184,-0.0723354216513968,0.00198880588033201,-0.0146872955831933,0.081599720005276,0.00395348686822172,-0.0325860365699832,0.0424700020779093,0.00383157764704997,-0.0405496499230366,0.0326066835651231,-0.0121897739405437,-0.00994292016046871,-0.018323178679857,0.0341014454210009,0.0887143995982529,0.019342215368857,0.0677251116602847,0.0401653804189043,0.0185257060801915,0.0190889998512407,0.0288823886675039,0.0283615727182805,-0.0230326934623141,0.0939634296131827,0.00265566507523332,0.089446643048152,0.00980883561177325,-0.0486536706182181,-0.0631636380778607,0.00409907252772016,0.0243548071844291,0.0584367221894464,0.0146213735769543,0.0868472495583309,0.00532966399044723,0.038745154931872,-0.00153133056127203,-0.0285405544453707,0.10341288551029
"26",-0.102979384888548,0.00303259373733504,0.0214071593512075,0.0328562002001442,0.0378580138871564,0.0380580099243735,-0.0528920162938805,-0.00924821555823398,-0.00359153227312047,0.0528722564633353,0.0945626181187002,0.0968955557296862,0.0116982354601753,0.0754796814169169,-0.030378093236194,0.0535054206672837,0.0138331883126655,-0.047067642125318,0.0286778896051069,0.0596066405259942,0.0878086545294349,-0.00894130447699011,0.0692845951778401,0.112896687620784,-0.0346504232623749,0.0781614791581219,-0.0615942809521484,0.0105819997260755,-0.0583827524935191,0.0556363744208761,0.0964056584366149,0.000599164624073934,0.0374474180824007,-0.0451845740840124,0.00676114270831915,-0.031906106540966,-0.00645848098406677,0.0153186221677546,-0.0453746483875222,0.0536651999772871,-0.0195519246170923,0.014610934948134,0.0864044013996038,-0.0567791902783292,0.139813241541094
"27",0.0451761816233568,0.0118001690220756,-0.0158166546418101,0.0134218491590486,-0.0141687347163582,-0.0218146820117175,-0.057743322602144,0.0301803461617053,-0.121624370858544,0.0480451553592961,-0.0101981847833036,-0.00963615536228755,-0.0381990659798614,0.0467535201511266,-0.00549270872036166,-0.0222120358013289,-0.0512356009630557,-0.0172401456089223,-0.0666562988885617,-0.0510613769522787,-0.0871083622981534,-0.00999688983033254,0.0203327871123387,-0.0540619593429445,0.0145047787123825,0.0299576684418487,0.00716418877551953,0.0127853700117596,-0.0308409449178969,-0.0465148601861043,-0.00780527563323545,0.0624896832639197,0.0287280704719963,0.00140137258845325,-0.0138370551671257,0.00346814185732576,-0.00474856619979997,0.00811581349723841,0.0105554442457666,0.0156374536531076,-0.0109651069480513,-0.0144223819903637,-0.0544817693931807,-0.0119952204053587,-0.0636588359398875
"28",0.00987128326047244,-0.00542513921360866,0.0234368495848489,0.0241400791663577,0.00651517564334303,0.00883275699490274,0.0817666343461287,0.0391365015715742,-0.00526384423538092,0.0487536728835632,-0.0123997605380227,0.0952886216234647,0.0535888129968926,-0.0301617048375816,0.0556551729819437,0.0367157356014174,0.0121688577468565,0.0959813259877403,0.000434540140736089,0.059033472282574,0.00949674189246027,-0.0404141078289454,-0.0623436297976774,0.0190059136051145,-0.0555174430832309,0.0162371925798837,-0.0187994404675642,0.00918329745596694,0.021618511829178,0.00283430950358519,0.105372702945304,-0.105085894604613,0.0338408672029007,0.00355696810145972,-0.0193668500020904,-0.0321206841686502,0.0402100835431846,-0.0187149852018634,-0.00134115143717928,0.0206671611527325,0.0235358879974975,0.0459643011895092,-0.00398348496207301,0.0308937334149779,-0.0464972584249641
"29",0.00450978682013768,-0.0107753897050318,-0.0153084826571141,0.0162287813132112,-0.0130971288281046,0.0347157343969884,0.0707244155883808,0.00178227801523383,0.0871264663748516,-0.0614238601539092,-0.014385187244237,-0.00884626689640901,-0.0583341576876223,-0.0239727889495095,0.00773140941927351,0.0131514857073741,0.0225397551261618,-0.00965231607024021,-0.0147438046307256,0.0315077937115119,-0.0664478878394187,-0.0465821474283277,-0.00888133288719812,-0.0262619083447133,0.0218154522822745,0.00786266020372167,0.0144284381424035,-0.0434982543357196,-0.0144836551229932,0.013719298600553,-0.0325676062913012,-0.0316538014150134,0.0133555499308134,-0.0432992379461397,0.0366102447983922,-0.00961985669340427,0.0386551651083996,-0.0295807377980616,0.0732883964823657,-0.0846459751603382,-0.00256702181657199,-0.0545590619431851,0.0544396925481329,-0.0197726279226297,0.0518626890131716
"30",0.0386573348447961,0.0166448268470643,-0.0052710717233919,0.0174011606075307,-0.0127683848857987,-0.00708622924446455,0.00125588646399477,0.0463446850803726,0.00118227270589636,0.00807844466623148,0.0267675056070647,0.0159068853037845,-0.0699555038236673,-0.0233378821764782,-0.0222210549039549,-0.0481317311217364,0.0382846197537652,0.0231589183526909,0.00793751074003373,-0.0225398634848715,-0.0301526971323573,0.0244203638986953,-0.000671090686253099,0.0443510602670954,-0.0200660900999044,0.0110334910681491,-0.0505263975223948,-0.015317634996372,-0.0395259313298301,-0.0285343331826645,0.0622649301779662,-0.0588111902840975,-0.00142165987747616,0.00417052387885553,-0.000240286493892604,0.0124662411837598,-0.0037347583364559,-0.0395443589547122,-0.0360493397913136,-0.0892474686706577,0.00404390512175345,-0.00736713230316713,-0.0142128947047092,-0.00748839234168083,0.0320587720710567
"31",-0.022683609133109,-0.0286720613343753,0.0244275091362639,0.0131945187752924,0.0306410831710648,0.066216283674963,0.0588134897641776,-0.0249383342273745,0.0462993246268643,0.0500608106688574,-0.0612340448036174,-0.00901326082422048,0.00507033151829108,0.0557987370875651,0.0283716728400132,2.27754833139887e-05,0.0649497905419115,0.0180375979587279,-0.12042540691292,0.0673747296169281,0.0263970833230148,0.0347485791598119,0.0825508022687978,0.112447709506025,-0.0419975496899744,-0.0430199820454362,0.0362991845010687,0.0765590752957737,0.0160915531722619,0.0643235716117984,0.0536644159166534,0.0948818002640917,0.0262568239630662,0.0164405423763393,-0.00390229730299129,-0.00522328629012353,-0.00668925562556764,0.036959645120401,0.0630095673471131,0.0818843306367134,-0.040228695158293,-0.0169449588281244,0.0903888369742518,-0.0579522615242865,0.0390838986692659
"32",0.0508427505409659,0.0711738414748575,0.0486848715572349,-0.0328616708670111,0.0187933434013479,0.0100155064279377,0.0036651123695917,-0.0285059734984138,0.000904118531654147,-0.00321231217976062,-0.063841024700339,-0.00148153427280686,0.0204989119132299,-0.027980618208552,-0.0382640768579639,-0.00935948040249249,-0.243720292359122,-0.0200124278628365,0.000119559636955615,0.00475285288898807,0.0857041322574027,0.0612691291205432,-0.0814734253041294,-0.102198141627823,0.0799591816485571,-0.113183779030283,0.0890022831705607,-0.115228116249706,-0.00703318481322577,0.0376781665605997,0.0460127614923467,-0.00824022163102603,0.0205665032968239,-0.0252051080307042,0.018656686195737,-0.0950846732862103,-0.0455345319877537,0.0448343746517011,-0.0562272263860947,-0.0845457218185589,0.034512851073997,-0.0500402140623764,-0.0654556920980277,-0.0638523150694127,-0.0288458730811738
"33",-0.0553728940973066,-0.0231025844556745,0.0641966922601379,0.0477570346894297,0.0390409797321111,0.0383841226059747,0.0310375061670187,0.103864419833542,0.007403822989517,-0.0495278784292023,-0.0349174263403946,0.00945066590066329,-0.00614560029233977,-0.0421164674015,0.0151363346402617,0.0548005921400345,-0.0310672326229994,0.0383246368882208,-0.049283766527788,0.0203262556041984,0.120340369601196,0.0251486693725023,0.0979057430723434,0.153434830140489,0.000335977516877916,-0.00382463795335232,-0.00254179145455234,0.0408770149495235,0.0159937869807679,0.0161789020697732,-0.0114597142156449,0.0426153847209653,0.0107214809374165,-0.00998406850975821,0.0945153374081418,-0.00672136982759794,0.0282881428488257,0.0783624850169767,-0.00199969643400087,0.129063337129795,-0.033287831351925,0.0581628372539602,0.0284034903769743,-0.0376521724214961,0.0873552612440814
"34",-0.00970214919338981,-0.0164363842140783,-0.0239152482934326,-0.0288141331472168,-0.0141791296587131,-0.0596062709343015,0.0595689209505226,-0.0887827569776572,-0.0367314551390401,-0.0250582225042526,0.0632035674226867,-0.0598410742086428,0.00107122860799223,-0.0542619300564122,-0.0152059888176481,0.0123973590624109,0.0102571357011,-0.0553114409027623,0.0333996546798977,0.0570673573661689,0.0530345923037891,0.0189804887806775,-0.0265663105968901,0.0568587201513072,0.00609073925892379,0.0161989997331245,0.0974019960598289,0.0294199366064771,0.0319791114210996,-0.0257048618607771,0.0259397747610561,0.101310883436798,-0.0149320675312405,0.0491252638630106,0.0432520484555841,0.117839651675236,0.0158449626323812,-0.0112659901071064,0.0741477067009354,-0.0389768020473424,0.00432646252672101,0.026332357822817,-0.0887151058778759,-0.0465346781580106,-0.00929841275635716
"35",0.0308953482103765,-0.0347695918504447,0.0261626947316898,-0.00228744538444142,0.00266734982466219,0.036312366659758,-0.0285275609832988,0.0316548293087279,0.013420184507272,-0.0408367576576327,-0.0692667829581696,-0.0635471671911717,-0.00169981593804068,-0.0200233259347677,-0.027514379567245,0.0771251726290986,-0.0368319862260153,0.074857742051004,-0.0221482269260645,-0.0235870856163548,0.0302462568283815,0.0327651912538508,-0.00431429787921322,-0.0232103173894169,0.0368404394291093,-0.00664620452304065,0.0302711178887734,0.0203544192081416,0.0415612082584182,0.0985714153638207,-0.0285460567775865,0.00754647278704718,-0.0145847979451032,-0.111193726187132,0.0293939177960751,0.0926484401723816,-0.00721393419701544,0.0617506416552613,-0.00406731135704008,0.0253213474489002,-0.0306155985896981,0.0179118679538654,0.037893337649454,0.012376857978392,0.00683686936439764
"36",0.00535592601321123,0.0310840445159458,0.0203595470452594,-0.0723933305949113,0.0176147943482829,-0.00174520033619349,0.0504492332555425,-0.0978897785417089,0.039420044294267,0.0560483283355526,-0.0665959653149085,0.0423114748367612,0.0570335514848412,-0.050178531179168,-0.00342631650731315,-0.0409997786625227,-0.0313417734830737,0.0109426735797541,-0.0487823234634206,-0.0209618243971653,-0.00719343688877408,0.00319765440239353,0.00361673611721136,-0.0217016607001751,0.00927548600866209,-0.0334770342125659,0.0530664137682817,-0.0270623915134909,-0.0523380886898748,0.0197486955592151,0.0949854135328067,0.0520172943572883,-0.000297669899812725,0.0912793088166882,-0.070283181727937,-0.0126785210000831,-0.0673173346355242,0.031036267351287,0.00296019987080909,-0.0456975186558185,0.0197402097081912,0.0608037953409996,-0.070459000807265,-0.0417041372148638,-0.0324764239100085
"37",-0.0351595346956544,0.0115406788030776,0.0349013001809393,-0.0203467195346345,0.0125271165376885,0.0227529755534567,-0.00991266769968388,0.104491898331957,0.0959656092440998,0.00625878599950709,0.012134259905209,0.0521579165706944,0.0467386797164276,-0.0564432819482341,-0.0570518542578247,0.0574328850270578,0.0277504218607828,0.0913125704177059,-0.0890726704023254,0.000308272715982555,0.0490410593261147,-0.0292418647590736,0.0295184164995425,-0.0156098791158521,-0.0044737285880975,-0.0836888449880364,0.0350917727924487,-0.0610336048044759,-0.0648829622263409,-0.0169388502099987,0.0733505610706486,0.0167392004137858,-0.106233087016979,-0.016425415681205,-0.0537099070352049,-0.0683708849280139,0.0417858325047345,0.0801191228246659,-0.0020379413610224,-0.00199051327376454,0.0280718554184167,0.0175428456890478,-0.0193753789973756,-0.102733626771637,0.0253850715723374
"38",0.0661489202011334,0.0244375393743871,0.0294246317443373,-0.00882492242870793,0.0106654478530532,0.0245441954453013,-0.0748049494212011,0.0320968855152409,0.0492449648265443,0.0339076478248457,-0.0533168185925008,0.0337921926989471,0.049836471991649,-0.00255176053853951,-0.00948715539023417,0.00518530956463777,-0.0299081284489196,-0.012222829591627,-0.040448915260715,-0.0698224841282505,0.00380361362248256,-0.0819091644548814,0.02867419513513,-0.0398095431993478,0.0945291360147387,-0.0706926227815074,-0.000667756492180861,-0.0192249054068988,-0.018001759579563,-0.0214627150578425,0.0311635382693858,0.0232200514423273,0.00226509841781364,-0.0655631851167123,-0.025074295677718,-0.0232084317617118,-0.00902671803013801,0.0445958426051911,-0.0199307742550285,-0.0599976346609666,0.00246172628465788,-0.042330284502173,-0.00955619379207583,0.0689007068183554,-0.0825594443826831
"39",0.0150852792479235,-0.0233363704074466,0.0276471533188193,0.0170906787225737,0.0211427306378904,0.0260335441203035,-0.0333455111595441,-0.0358191369669905,0.0127038879129826,0.0871473067856476,0.0381294474406959,0.0964437896839226,0.0168676149447654,0.00187793169018292,0.0799624524264954,-0.0470931971302837,-0.0553685818122104,-0.00126895005336581,-0.0294825849147659,0.0692755705600846,0.0282486662890624,0.0450079113693944,-0.00264597864685834,0.0625651732008362,5.92790763083591e-05,0.0464538711760346,-0.00746678921079971,0.00699957364894042,0.0013584764121419,-0.0256588822304521,-0.104551539523109,0.0367809142210005,0.015162953857213,0.048300165394167,0.0127096153461155,0.0592491426722588,-0.0551248659428783,-0.027971221751224,0.0142772698307008,0.0987188584797178,-0.00246340704359364,-0.0231467933301983,-0.0593053063872985,0.00316995529678726,-0.0295507818198157
"40",0.00672865332064011,0.0402421852179912,-0.0195531922630135,-0.031421939717684,-0.0100575508178064,-0.0480345578109858,-0.0205705618582751,-0.0361257984341383,0.0499003444181669,0.067521868540342,-0.0388959787891534,-0.0928373983542547,0.100096441913403,0.0023021052173547,0.0351092348621108,-0.0757887704373102,-0.109751553206722,-0.00442368702428703,0.101657824835767,-0.00613542754550528,-0.0197059404568296,-0.0209194685050625,-0.0496117098467243,-0.0772249631444002,-0.00371148432686869,0.00973153287780731,0.0527146228313569,-0.104530557095653,-0.035662994819406,-0.00737906481035667,0.00700248414768497,-0.0260920401496429,-0.0505107012372873,0.0460290213248605,0.026930343115479,-0.0925960635649887,0.0323627648689195,0.0382165758135728,0.059821510193102,-0.0843766632804328,0.0562345470905287,-0.0592512375099093,0.0654715576377046,0.0263089360779674,-0.0319165703031549
"41",0.0976997293502791,0.0285807966134029,-0.0532944226463254,-0.0246503686375,0.0143756636770643,-0.0253958038326165,-0.0971073357971841,-0.0398088112654935,-0.0109867172098991,-0.00947963661063803,0.0408191569533401,-0.0299863565853725,-0.0241288321314927,-0.03294724682615,-0.0243044922488816,-0.0258913207101521,0.0650537772369613,0.0855549833345918,0.0235158719307744,-0.0851464615008575,-0.052164401730486,0.00425922051705878,-0.0239004277263409,-0.11676104632489,0.00437342563404461,-0.0986868619731237,-0.0845770056581005,-0.0340227625151856,-0.0289157700083953,0.0899655664839559,0.00683571342978992,-0.0457377835830664,0.00914437867139122,-0.00557417431914375,-0.0209991840826196,-0.0113420588269387,-0.0158421093853528,0.0338582663678154,-0.0538042505105106,-0.0785868358659156,0.0172095995135533,-0.0720400405015155,-0.00821384190829429,0.0206214870200327,-0.00185050069946381
"42",-0.059502443549751,-0.0112428376297782,0.0272622736854522,0.0150503937777155,0.0148788417108149,-0.0441155966091338,0.0411757598314754,0.0430791954431264,-0.0498505231770547,0.0242108184563068,-0.0121997466377009,0.0464086495904696,0.00857473156217972,0.0334132508360983,0.109191206779432,0.0291230010966138,0.0143714085859347,0.0322738807348319,0.0293256694724017,0.0130060101385643,-0.0144725881834413,-0.00248960609711082,0.0593677189539526,-0.0253773604537057,-0.0248771182249401,0.0440272241505216,-0.0495116669674026,-0.051155091736829,0.111434084853281,0.00945297351454932,-0.0358543254800009,0.0095854405981642,0.111760342392476,-0.0420450655063203,-0.0532514058851636,-0.0289915918069012,-0.0191050641651931,0.0635465026609664,0.0193512445027408,0.0105828615472918,-0.0469844192437497,-0.0164603741870416,0.0212829073110768,0.0473924270912063,-0.0392541665791245
"43",0.0365150545528946,0.0833433843617604,-0.043262711400979,-0.051806581597356,0.0134518268056399,0.0997840422380311,0.0216649024770278,0.00723392440102676,0.132969715797772,0.080295619141299,0.0478332967415615,0.0381334563198156,0.0240467963522813,0.0131163668267035,-0.0436295803048177,-0.0855656207700832,-0.0611085318562476,-0.017386792903925,0.00940251040754809,0.089846937418215,-0.0353784431029711,0.0304621654607606,0.00634713995855956,-0.0502560758141681,0.0522850111425566,-0.0492981197560043,0.0471902380641797,-0.0612090549366425,0.0189038499858731,0.0525771964341658,0.0361221824796292,0.0676391581816842,-0.0432662070109201,0.066204161310655,-0.0456610148730563,-0.157974445194921,-0.0706419429986931,-0.0590444600681938,-0.0739167141272162,0.000222234381639277,0.0177491270058143,-0.0542500071202172,0.074032189069485,-0.00674659850860657,-0.020905716226279
"44",0.00354892713178288,-0.00420022286302791,0.0105999577334618,-0.00235708429868617,0.0093404642206823,2.35907798139361e-05,0.0274892379767153,-0.0198384535288271,-0.0312901809144105,0.0157818211604754,0.0108266699769535,-0.00762250664610997,-0.0150180951157664,-0.0354944782046453,-0.0366776941334268,0.0496972458395657,-0.00604577805485407,0.0740442026030722,-0.0569720325843038,0.0536076018190027,0.0256123574255947,-0.0513189691506811,-0.0296584510624767,0.0124981310690099,0.0694772897765866,0.011161980672313,-0.0375400004150441,-0.0206691601127106,0.00267371296704949,0.0150368422467351,-0.011468750523641,-0.0137493801268929,0.0486532090283244,-0.0985156614700489,-0.0505692754911648,0.0568119306702377,-0.0349513220644996,0.0113006384737795,0.041069749322815,0.0583131279445136,0.0175866594875999,-0.014026967849503,-0.0320797519458656,-0.00282123654866969,-0.0432525583982616
"45",0.0351573883877181,0.02567926827868,0.000598393306343602,-0.0162290256591384,0.003173603524079,-0.0323027571603788,0.06982281200047,-0.0248121341618171,0.0465581502417013,0.00612920760744989,0.0164728276861308,0.0155610453593525,-0.00653478778255261,0.00805714182312043,-0.0830906398783066,-0.0480301656020654,-0.0576194746650108,-0.0654272739387479,-0.0341390648071322,0.019037982524489,-0.0287990330210439,0.0336381255716908,0.00624280057601756,-0.126707910341854,-0.040650906550795,0.0165370910852477,-0.0156680203919517,-0.039657477642477,0.031085121802751,0.00363489954575739,0.0239342521413793,0.0637166983283581,-0.019659946072121,-0.0300083149683513,-0.046571160454675,-0.0670309787254926,-0.0418283075039328,-0.0402749592653579,-0.00337975169176946,-0.0133768131520996,-0.000263117282553293,-0.0319147499012466,0.0399307869895904,-0.00155973844495908,0.010253767269196
"46",-0.00911536396657019,-0.0225585209654487,0.0228737807712007,0.0264820695749451,-0.00105114644351986,-0.0237679312314927,-0.0320372561377413,-0.00862903473152942,-0.0385211463841844,-0.0173521586820321,-0.0177964991039773,-0.0661984010737221,-0.0450828024269889,6.14400271680155e-05,-0.088535675287441,0.0917325015503564,-0.0550809886936757,-0.00957453576113401,0.0336995198904327,0.0441303421797869,-0.0652558049336132,-0.00950002341229042,0.0795006293864182,-0.0284065831127503,-0.0385735292078436,0.0665981726732165,-0.107826603892191,-0.0387826365274874,-0.035531381975151,0.0416645960609747,0.0196119678511746,-0.0474660760739732,0.0270444341697887,-0.059045274305864,0.00243723316913404,-0.0555957404035698,0.0401101160868444,0.0393047489905316,-0.0640058679943802,-0.0178255954839776,-0.0447025431212744,0.0731403542708602,0.0592586667656479,-0.00465588184465807,0.0105951325205962
"47",0.00323264981644554,-0.0047844775471778,-0.0119885827797209,-0.021393623798804,-0.00491424371789229,0.034101150154728,-0.0152192966168836,-0.0785545722180732,-0.0238233029901488,-0.0729172720895867,-0.0870843909855137,-0.0408175755120905,-0.0163273139914677,0.0540093544921838,-0.0327052844025337,-0.0260130005664984,0.0333838507998811,0.0106313641978142,-0.0429289034926487,-0.000765988937107552,-0.0283237500234729,0.0243142412015059,-0.0561878284040045,-0.0700678445971236,0.00486411842371956,-0.0586466922593055,0.0267315286298786,-0.0456553104898403,0.0359744949445423,0.0187900067655911,-0.0492397547686283,-0.0256848688209282,-0.0284581762180586,0.0090008643687304,0.0361520077778136,0.0318987522151728,-0.00408960790817968,0.137601325762907,0.0694306879555861,-0.0273793947692152,0.0348794322787537,-0.00188436329199668,-0.0398651022265433,0.0440706372535491,0.0567898406311097
"48",0.102798990047532,0.0171551639034782,-0.0128460691060408,0.016936696958303,0.00486534910913709,-0.0247963406938239,0.0297921695749317,0.0383787479772658,0.0144832267172165,-0.0536652660984653,-0.00935460974470211,-0.00939539771304562,0.0151134907187844,0.0114978818059472,-0.0361216102643551,0.0174774814040974,-0.00728865269136127,0.0575902276326429,-0.0111122687792786,-0.0763267715062998,-0.0307484871367884,0.0502893267708717,0.0267587217206551,0.0180666167794226,-0.0170404651646112,-0.0433434141173973,-0.0262620235550968,-0.067107797897247,0.0535903054893003,0.000292844339243294,-0.00633245902751646,-0.0315901758548365,-0.0266124853922609,0.0221558659202677,-0.0748566162200039,0.0561086399784125,-0.0454865307789887,0.00115001852618481,-0.0481098662515157,-0.0756956049842067,-0.0176851146615349,-0.00641735357197503,-0.0180249225628189,0.0567646298439578,-0.0225631871315208
"49",-0.0300081948775052,0.00291327219010791,-0.0092824822480393,-0.0236772928089858,-0.00530458413823915,0.00482227073674614,-0.105193302358209,0.0166584703848694,0.0385263443772381,-0.0433710776098512,-0.00150194033953637,-0.0247076412787975,-0.0278598453796494,-0.0334499990099168,-0.0253201289806065,0.0062346131364495,0.0281464625113686,-0.0165458003679966,-0.0492099045062466,-0.0705198933254647,-0.0465075538982917,0.0679879838599559,-0.0689499930451686,0.0276823697506063,0.0133591032849318,0.0590662903059042,0.0422154796234669,-0.0193761969669053,-0.0952047709714456,0.0234988958869392,0.0316512875965744,0.0339959656180294,-0.0386721096031593,0.00788443915006964,0.0263191510397957,0.0171647493660427,0.0198139333285252,0.100820733010605,0.0332380828573012,0.0412792066930606,0.0167359906312308,0.0237731577070611,-0.0360023591688248,-0.0568407787021716,0.147961225522916
"50",-0.0175258750280117,0.00512299811243843,-0.015889029708016,0.0206183771008337,-0.00605512023944005,0.0267146965857471,-0.0459273274840169,-0.000487604734550848,-0.000936167171776608,0.0586646391861639,-0.0095549980606037,0.0228468016058302,0.0449349705644067,0.0922798040596047,-0.0411043832927812,0.0463682828985998,0.00241981050336394,-0.115323691064515,-0.024535958894187,0.0133939189154796,0.0609203471269481,0.0379614052789395,-0.0272688438253328,-0.00330232877118852,-0.0340176027491868,0.0204787843820143,-0.0460463332546947,0.0465157154916606,0.0571860137604953,-0.0584138990339082,-0.098518987292056,-0.016937207587079,0.0683102187073485,0.0832279896443925,-0.0602269100777868,0.143422664615734,0.0409941008777456,-0.0438333913026203,-0.0650072239424529,-0.0467845554868968,-0.0246482374410707,-0.0507067679268236,-0.0822577400918545,-0.0367200238862063,0.00986248377624133
"51",-0.0491131024846888,0.00877639749033862,-0.0013361838558383,-0.00657263512903964,0.0113104915823864,0.0680200564616489,0.0020846062236833,0.0458237435423493,0.000202124894833084,-0.0355076084577183,0.0493396608977729,-0.0318888097274863,-0.00663216854590994,0.0239607297847317,0.0396990888800373,0.0269916490355816,-0.00204294094438937,-0.0699251516563597,-0.0848867488759505,0.0809712936731799,-0.0217145422249556,-0.0126108313967135,0.0470104453441874,0.0011981064815237,-0.0452873486298267,0.0417497552788032,0.0383229364715654,0.0209170991240963,0.0205159316430553,-0.0440345074624751,-0.00146148973157928,-0.00600836415253325,-0.0133873874807748,0.0318598101399537,0.0411033060640847,0.000538451157555506,0.0165404376747422,-0.00934564433913753,0.0209168248187026,0.0296862095944876,0.000381070054968893,-0.0113313132337166,0.045083770684826,-0.0140483533361361,-0.0760000222785676
"52",0.0734863565239649,0.0121383417987805,-0.0182492803606451,0.00318970239550696,-0.00807240002989155,0.100655341968908,-0.00634537614502767,-0.0109761376356793,-0.0296547239825792,-0.0725113270373217,-0.016923315126317,-0.043875713976538,0.0495250140634506,-0.0362530636035233,0.0171063244416937,0.0143589713692443,-0.040627769995405,0.0738687803886522,0.010077785403812,-0.000877320582541918,-0.0745401021450412,-0.0482956474539963,0.0488619933872463,-0.103966582068422,-0.00133341225328169,-0.0387890294571767,-0.0159777292709226,0.0184026497577756,0.0290982720012529,0.0268864670427953,-0.00149779361757016,-0.0949982912990888,-0.0114151740401058,0.00352231806951201,0.0291637798359394,-0.0157648704922852,-0.00180521650938839,-0.079985078585204,-0.0438765608443091,-0.0740894941705078,-0.00682772714584765,0.00415459752232495,-0.0221582947005375,0.0441904390680306,-0.0146747155847061
"53",0.0314478842688631,-0.00434880398873493,-0.0118029768490394,-0.00487905096420394,-0.0118147538299376,-0.0408663614319868,-0.0306325272939505,-0.0660142113825834,0.0955941930273737,-0.0327820574611942,-0.0274805846768059,0.00503004588824446,-0.0914991922597439,-0.0247823771828621,0.00370680744430666,-0.0593067068041905,-0.0114065586280084,0.0236383003078371,0.016372485028758,0.0100461744973853,0.0257081922257816,-0.0193129069889689,-0.020210180247237,-0.0129568175265922,-0.0584164531182871,-0.041940386080043,-0.00763984048499825,-0.0133783672798012,0.0100457840001258,0.0571017881183697,-0.0610350045317812,-0.00550469474800536,-0.0855745795677742,-0.00352400646191347,0.0571778372682187,0.0303140241970322,0.0362670469563453,-0.0704673950043332,0.00514134910854944,-0.0435054951256333,0.0242323787468445,-0.0438729554759227,0.0624076355068835,0.0206743754915263,-0.0592223713424178
"54",0.0352555315255679,-0.00676715767622263,-6.74295875268439e-05,-0.00136026852489794,-0.0187079707664241,0.0212317008527509,0.0756936797245854,-0.0480876591939464,-0.0285402010627768,-0.054191680086785,0.0374022622909998,-0.0206230756657318,0.0397787599110239,0.0393683770251462,-0.0539326773788546,-0.0600371690242835,-0.00995359679403727,-0.0197062851838594,-0.0107197083827216,0.019362041710463,-0.0567474849914666,0.018290615913947,-0.0415780140113342,0.0296249541644702,-0.0383541635312318,0.104056999580566,0.0271577711564191,-0.0138152110015906,0.00268263258195128,-0.0273794526210089,-0.0248215279179701,-0.0313842935771238,-0.0176615838286937,-0.0208424215452585,-0.047015917976997,0.0626254024200914,-0.0207077536691396,0.0795035183348851,-0.0128019176064327,-0.00506111800077699,0.022226975669684,-0.122787186604815,0.00929852767269381,-0.0615675269581899,0.00118876789218718
"55",0.00910843197944901,-0.0159212067144461,0.0658353430059716,-0.00292210761377942,0.024315935675998,-0.0647473756708623,-0.0497629967715525,0.0994213196674484,-0.0531037577961806,0.0634670276344099,-0.038734281629756,0.0035774672809268,0.0199719866881273,0.0256553117317395,0.145887796932397,-0.000824895653996486,-0.110758148578319,-0.00854813901247211,-0.0618632273330529,-0.0334862004577958,0.0627740229139113,0.011075743276451,0.0196115343944252,0.069791753193023,-0.0786715608882163,-0.0645343570978268,0.0400313698092911,-0.00344120766650247,0.0283594122594024,0.0405506217735962,0.0335915825617815,-0.0448920399450934,-0.0678763085459467,0.071865931935687,-0.0291419435565269,-0.0173684466132516,-0.0371421626014366,0.0153644167275918,-0.0621926499358342,0.102970061703469,0.0432160989023004,0.0123725605775441,0.0211932825909497,-0.00155828575801726,-0.000614576114421778
"56",-0.0448074578686341,-0.00391508419283034,0.0439985675656374,0.0252741535362401,0.0324351693538569,-0.116017977187224,0.0423962615188837,0.0326078915155186,-0.0730932021557005,0.0108275452577173,0.0576432911039722,0.0132542885033483,0.0644604157377419,0.0145416690260805,0.0588506738342244,0.0137140908448932,0.0531408039430164,0.0393243742439807,0.0794791281920376,-0.0320402355252201,0.0495599016592149,-0.000643415325132591,0.0191426745148975,0.0709444553816957,0.029474445182794,-0.000677261235525365,-0.0176299720411601,-0.0389494413489482,-0.0323009377977725,-0.0607128723247,-0.0265660604196206,0.0520938334300941,0.0394794016733955,0.0128870147524077,0.08668532564708,-0.0432269591793752,-0.0178273677440362,0.0393493731792531,0.0235547588731729,0.0691313193474891,0.0253460348415203,0.0258287258722777,-0.0194948743377661,0.00649272309035583,0.121770805788825
"57",0.0102443816114302,-0.0293119879624403,-0.00422608611097073,0.0341819077754388,-0.00422465056393595,-0.00612122871710086,-0.0333576735218834,0.00741351156166548,0.00835070082358897,-0.0618526384959683,0.004312470385986,0.0510287064324979,0.0154027554716148,0.0138404045754839,0.00471525625197328,0.0290090979610733,0.0735454800827304,-0.0579731074304205,0.0431417979954319,0.0982880694767341,0.0339543313397722,-0.0117705455762006,-4.93572674649459e-05,0.0553242720915554,-0.0280732813523126,-0.0417115566573946,-0.0140145726330378,0.104901130902483,0.0378848212865614,-0.0327530238166621,0.00588905523954165,-0.0684489372965564,-0.0526042367744633,-0.0155004547668454,0.0380022931693374,0.00651488930626049,0.0753648240348583,-0.0378405664543115,-0.0261769316586642,0.0513228413750215,-0.00344693929297287,0.019385743773461,-0.023806253946518,-0.0229370295916635,0.065430162675564
"58",0.0241876840494894,0.0151320063495445,0.0235689061928074,0.0186074899058826,0.0345407196489372,0.0404606511065432,-0.0264311704299008,0.0604447765012565,-0.0243183225436656,0.039238282142175,-0.0178960638681234,-0.0139030995274137,-0.022267030530702,0.0139326824441831,-0.0912943279926024,0.0646362803544966,0.0529736514481098,-0.0483074954005486,0.0596380994838704,-0.00590095433341741,0.0516062163101645,-0.072801615653305,0.0199597104881296,-0.00767477171818294,0.0203931921772208,-0.0532520449042532,-0.0714376252834346,-0.0119305383214291,0.0197145374879176,0.00655446668471131,0.0765207630214829,0.0232707328308779,-0.0186727167541176,-0.0143591596080688,0.0485233270791168,-0.0585761248354566,-0.0170996062877214,-0.00127668349340459,0.0117900980785626,-0.0190368611155672,-0.0355924929528851,0.0704644009387574,-0.0409556421969529,-0.0176507443272316,-0.0144520907272004
"59",-0.0172534927232124,0.00927176844585258,-0.0152798587637742,0.0062999334449218,-0.000938465045948088,0.0332306686573523,0.0708827075323524,-0.0607541123578297,-0.0516244712410431,-0.045295688053877,0.0664757946747447,0.020945284736069,0.0458897589222536,-0.0110788912056608,-0.046276133388186,-0.0336980199703674,0.064240893920867,-0.00319339144080955,0.0500280483478798,-0.0191356062096325,0.0578014042187915,-0.00413746454460388,0.0157573540155509,-0.00980661632010291,-0.0168845276990822,-0.00894587377736885,0.000887284574393217,-0.00875739798160396,-0.0262963951961558,-0.0407519739616737,-0.0161942925946231,-0.0255521962688518,-0.0459640241467058,-0.00899016836432248,0.0411409706187032,0.0661945343473576,-0.016619970043367,0.00600536020883398,-0.0176173461709436,-0.0439924310729805,0.0495030276115535,-0.029263607356721,-0.0276250252447307,-0.0144972871051966,0.0191826440500568
"60",0.0494219356979225,0.0284759244626588,0.0313692718071989,-0.012848525345637,0.00746707079823869,-0.0366520052639276,-0.0429136834892923,0.0692495295410237,0.0363853665426395,0.0918784303358819,-0.0142326275030529,0.112714980792663,0.0234763502812507,-0.0815523416587421,0.0268029383499499,0.0351303679296528,-0.115956438801719,0.00313339120994216,-0.0418620474359245,-0.0759284314679053,0.0574821917053967,-0.0165141747133487,-0.0183560056215812,0.0297090956154493,0.131817366883243,-0.0634382498629097,0.00895061682268282,-0.0499458159517427,0.0956346884137051,0.0655750677548224,0.0314443848096826,-0.0439165615944012,-0.0356521737444882,-0.00685702016636117,0.0717090654513571,-0.0293069037176978,-0.0224491775532369,-0.0212241986015643,-0.0233873645596216,-0.0977014523139405,-0.0410146734369913,-0.0236540245480394,0.046791721747293,-0.0483123275500837,-0.0067095022669555
"61",-0.0433330612447879,0.0362151451283599,-0.0250837326582005,0.00480218592729092,0.037643746044673,-0.045968308143536,0.0215228351963808,0.0114536866473373,0.121363666878703,0.139873165701506,0.0494944931553614,0.0122656156768908,-0.000475239161688117,0.0313059275633101,0.0603047668465069,-0.0747447981429833,-0.0155170379114943,-0.000375425092473701,-0.0241023512590739,-0.0274075192202402,0.0352538616836902,-0.00621856447936492,0.0473499248471299,0.00667493259730159,-0.0924657795623381,-0.0394002689028088,-0.0050530163105933,0.0556164951565164,-0.0244936163568971,0.0184058928002722,0.0668205795253271,0.0130868986188004,-0.0184772302998028,0.0324012256868213,-0.047111842564239,-0.0794912380472833,-0.0718793091126455,0.000319239063657993,0.00877158295893784,-0.0465102427258165,-0.000908247392931466,0.0698111389163493,0.0658646148365132,-0.0308959714491464,-0.0322422901011178
"62",0.0259944589697211,-0.00170797924282078,0.0169022245146589,0.00954909055867612,-0.0037781398764398,-0.0541677518633494,0.00789311088092947,-0.000235000057105299,0.0265613794349634,-0.00837852966562554,0.0769852660755727,-0.0203914951974902,0.0999754856924832,0.0290860289313625,0.0459001498308176,-0.0532570193336653,-0.00146194388653244,-0.114879357245348,-0.0126066200589759,-0.020602616879292,0.0343783969378382,0.0485233443302103,-0.0202001763988275,0.0263477183569794,0.0232595811951238,-0.0134485999917902,-0.0106156213920693,-0.00456682655452909,0.0775089173484072,-0.028068626109353,-0.0385815703506252,-0.0505619783578426,-0.0343148043138973,-0.0401782932358538,-0.0438759755675081,-0.0338029282244638,0.0281856720939863,-0.0852732114615399,0.0353370582529305,0.029494753687878,0.0519874852762053,0.00405198980743451,0.0371160239532468,0.0513673444907747,-0.042299424750395
"63",0.0287836567668464,-0.00558389091275167,0.0290467631119543,-0.00791111704781574,-0.0158047562286144,-0.0417956369246641,0.0373419203130867,-0.0594217387013982,0.0141036956929562,-0.061358749716872,-0.0148422275320634,-0.00789633201690373,-0.0154493381889836,0.00771251902119138,-0.0534692570325814,-0.0434278528685323,-0.0479797499985948,-0.0127103073147199,-0.0399571486892023,-0.00117963606402324,-0.00500567744437048,-0.0191256945898021,-0.0774739680090713,0.0110060631846223,-0.0366450498524835,-0.053553600343507,-0.0388093883830781,-0.0586463671745864,0.0725915933933309,0.0606600215396696,-0.0120501847137578,0.0428751701472935,-0.03593428869728,0.0128142856208674,-0.112197550756538,-0.0510853450333318,0.00816633674542052,-0.00686143244869723,-0.00946592064280763,-0.0569794738891092,-0.00650467396911966,0.0483334462136283,0.0151556845973115,-0.0158168073955105,0.00550727718284444
"64",0.00572232225183529,-0.0305845843269055,-0.0291295676394422,0.0288133242888139,-0.0459561705140195,-0.0363389896261078,0.0270026462318795,-0.0116737407885335,-0.044921234099713,-0.0572169195199604,0.129537387333482,-0.0758520961477467,-0.0755411000187846,-0.0492283168922221,-0.0215812579378166,0.0621956553051811,0.129772420921082,-0.0680496573165193,-0.0359782586868013,-0.0197130191368349,0.0351387741003022,0.0878050019848237,-0.00857326465380687,-0.0533009714457373,0.0223992579331563,0.080586669083413,-0.0988423869823395,0.00142373468487801,0.0147015199671565,-0.0302379662868544,0.0217673925399316,-0.00730495207181593,-0.0247844888719797,0.0496908010240308,-0.0264395368103938,0.0927448809050471,0.0770156122449228,-0.000831710698658915,0.00198243709029873,-0.0760139923962978,0.00226707286126185,0.0459705018905376,0.000273164517844134,0.0182281406517155,0.00335320068989935
"65",0.0524102914646244,0.0361344028232442,0.0377573954004393,0.0086251166918628,0.0398145893084958,0.0421712143822733,0.0218134989139891,0.00224491501405362,0.0428951680389247,0.0331772263640917,-0.0976037268071286,0.0581711610968101,0.0599393132753308,0.0313097555827841,0.0301644197478959,0.0148855655698663,-0.0649987394390693,0.000667782788589664,-0.0375976617394797,0.0114354347329955,0.0100074347791978,0.0539217769518455,-0.0317681971781745,-0.0106990875726938,-0.054124982856547,-0.00059634147787279,-0.0778103704449562,-0.0459661273849746,0.0104281846800271,0.0930272480579846,0.115012333429319,0.0250527527788168,0.0196416383046324,0.00612515038563471,-0.0412267370746366,-0.0334258519737802,-0.0213513402910972,-0.02454438327424,-0.0390524483356598,0.0575851405538757,0.0118854357305011,-0.0178675597871184,0.00806875952109228,0.0195461585204439,0.0807744356319914
"66",0.0535964321499118,-0.0421320587195722,-0.00201852547731434,0.010027863644864,-0.0242062332409126,0.0601168775202689,0.00621309357847302,-0.0122612678746527,-0.0419365117988028,-0.0425795377102401,-0.067626514735827,0.0928862866603716,-0.12540800295266,0.0280147294758965,0.0379680007069035,0.00121443657475925,0.069934599681813,0.0256598254923324,-0.0828608685562833,-0.0881325165305324,-0.0137086957654205,-0.0373698173248493,-0.00527505387646367,-0.0358283234007584,-0.00931548057945307,0.0173176133108217,-0.0633417549146052,0.0705068616995912,0.068578417166187,0.0020027845357817,0.0539964253175631,-0.0439896603055224,-0.0212204071900909,0.0155884929038459,0.0103741668286243,0.0646449889875618,0.0830263542211888,-0.0312983687114524,0.0292420258568148,0.0256139223867816,-0.0243301200690937,0.0123383114006364,0.0245962384470109,0.0437060458599253,-0.0274085511386698
"67",0.0177450432827871,-0.0349928651494443,0.0181250504809082,0.0202712749157361,-0.0365660663360069,-0.0106742708243477,-0.0486641414924767,0.0414650853313189,-0.0168229782153647,-0.0331509632870829,0.0199476645578534,0.0190267487353774,-0.0458593358013937,0.0200821004635272,-0.038263437986208,0.0408770028148089,0.0227037183276401,-0.0550519001800078,0.0729845147626886,0.00294712185709365,0.0399547783131411,-0.0127265040262675,0.0813456175177694,0.0331395710587954,-0.0176669995040732,-0.0604302029736534,0.0101579223846828,-0.0448133466734727,0.0656579357891931,0.0194714528414037,-0.0193586695101675,-0.0652483751232672,0.0214332833845784,-0.110225191032515,0.0246361557573943,0.0568055382793128,0.00960087358006191,-0.00138160735658492,0.00807137083006101,0.00554933926598944,-0.00199638740237857,-0.00740725970077276,-0.0520130409362552,-0.0466839192906915,-0.0113947427014743
"68",0.0336365400576362,-0.0130991785753248,0.0162577640374655,-0.00860117921088423,0.00720473635187295,0.0110894483226962,-3.96000620894164e-05,0.0111727099957582,-0.0387298774276103,0.0419089146819814,-0.0804938407784641,0.0506792044777216,-0.034840878732592,0.0820072762655018,0.038377019983044,-0.00558121735076732,-0.0453636672376213,0.00729480429163368,0.0263393070345691,-0.0662038397405645,0.00552949690938457,-0.013185882859603,0.0307300337278521,-0.00644896680379303,0.0288285057845469,0.0211792038316805,0.0387215976997046,-0.0896123195020177,0.0328028006410983,0.00868460669945319,0.0293714301967584,0.0639706223002984,-0.0161134824956127,0.0155961859163102,-0.0188817582704454,-0.016458002577623,-0.0174305568089154,0.0586193763433075,-0.0520402335855576,-0.0331493687038181,0.0131710809465519,-0.028839441613126,0.0226986677539456,0.00214323089658013,0.000423355741752636
"69",-0.0629671173233374,-0.00558638280864434,0.0313754696322191,-0.0178732638398809,0.00585905984489333,0.018871342689142,-0.0373873517608026,0.0338169153128067,0.0238676626393053,0.0192554884089581,0.0489422118131369,-0.0344637606533632,0.069207989216061,0.00134790476443298,0.0181969531231836,0.0518012232101181,-0.0222678359497701,-0.0470935871502897,-0.0263636114857701,-0.0130616876583827,0.0690029195214288,-0.0594550846088902,0.0332247238836181,0.00639487999547125,-0.0653290998965039,-0.0215419961932081,0.142974246728893,-0.0296132581677694,-0.0222318714589038,-0.0817282648787345,0.011915740333435,-0.0183717332895979,0.0111364150592178,0.0146476175415243,0.0505932797875419,0.0232840110922891,-0.0139959776583201,-0.0510279668221667,0.0740464550382889,0.0419570961575078,-0.000564866317649366,-0.0476734037881069,0.0746654902534741,-0.0932225101765999,0.0403432141260531
"70",-0.00638300333750361,-0.0309820778908598,-0.0215060385133558,0.0229360763969401,-0.00854244869725495,-0.032941141541766,0.0600410453785628,0.0136215749326102,-0.0288702296079932,-0.0519464535970104,-0.0142613289062214,-0.0197378260680765,-0.0151822239815065,0.0363797854808216,0.0724993471200723,-0.055727759015845,-0.0121979374522125,-0.0359033058082279,0.0825851788668757,-0.0290849786775351,-0.0175591939429762,-0.0317184078472612,0.0108559828874832,0.0496692852095428,0.00699883492959473,0.041326401721594,-0.0815898140767598,0.0757372832652094,0.00442702217217091,0.0404774929279049,-0.0189964127612885,0.0171834906366908,-0.00587140126791341,0.041758020346758,-0.00334050601693474,0.0133153119757495,0.0612339473971018,0.0300383651197892,0.0241397850760146,0.0187338881701472,-0.0177202613029753,0.0214439116069429,0.00714390441470351,0.0563727747216329,0.00412439684888102
"71",-0.0076714570258248,0.0182166851036686,0.0280948543493841,-0.00756820479628777,0.028612997101119,0.0336708751872523,-0.0456553166885673,0.0324717048423761,-0.0154543862778241,0.0396949148095359,-0.0242349778733748,0.0234645777301199,0.0913535425333789,-0.023002087486942,-0.0348033639605629,0.0797830176135422,0.0604921580828265,0.0743680339631475,0.00301604545566114,-0.0535979790454846,0.0784562957022068,-0.000887362880204265,0.0195372276244558,0.0977427827441571,0.0139614517997389,0.00423063994143151,-0.027521787735742,-0.0207244220912294,0.0198347127742712,0.0173485482130291,0.0142641289723925,0.0284418995396958,0.0203378951702616,-0.0183219963702875,-0.0391222032231014,0.000480211573531363,0.0151166787977602,0.0984424701178223,0.00781054312154823,0.064700692723518,0.0180775988638165,-0.00231630901856528,0.0113729219561173,-0.0399582499130385,0.0686313010291703
"72",0.0422385351902967,-0.0183464751956042,-0.0167462638737052,0.0137809167005806,0.00402689780005083,0.0395114869966366,-0.0780291568854803,0.0699876961982239,-0.0256152421597393,-0.0315233246867009,-0.025558893942641,0.0405622059208438,0.0625304016481384,0.00658059997016665,0.00532763693874486,-0.0221577790462798,0.0273509748081338,0.0174096539261638,-0.0425875769134811,-0.0529063665440823,-0.0593707364445218,0.0437414728146416,0.0265797183635914,-0.0648857862243527,0.0495351590320219,-0.0103358366852695,-0.0135422586015388,-0.0729698304673383,0.00760391930927718,0.0558488261967023,-0.00161790724168539,0.0310830813874354,0.00984226920563997,0.0652405023459082,0.00477100393890107,0.0744897445994981,-0.024931435172312,0.0219765786238783,0.0246795861186665,0.0259791202586634,-0.0518433368598261,-0.00663341368368737,0.0381099122372037,0.0548617437892444,0.0609514960337584
"73",0.0465763082713478,0.0441069311041977,0.0219906899608872,0.00282214461420267,0.00692756779328163,0.0152435882440477,0.0691072804207349,0.0468210710730185,0.0361739096539515,0.00920354690264848,0.0606120575386445,0.0283240362503914,0.0467666045120792,-0.0356102523370345,-0.0286031665471856,-0.0766045520872183,-0.0557010450863451,0.0452698709322356,-0.0166957715715273,-0.0181587152057937,0.0316651833113086,0.0490445331636002,0.0101196417100192,0.00278153808676608,0.0260943946252585,0.0399135892409236,-0.0818395400541043,-0.0256234160557172,0.00885223786068261,0.0294405433412263,0.00514415966135467,-0.0253368834425863,0.0313485286498492,0.0160015448713463,0.00347759789881761,0.0141662697369167,-0.0852594273262383,0.0124527037872863,-0.0959403945107226,0.016998251031242,-0.0786936989453766,0.0391185346804998,0.054289640405996,-0.0681669065783495,-0.0251741979752935
"74",0.0571585299323906,0.0498815486703622,0.0109953296022696,0.000495117138735585,0.0155457243061592,0.00914947689618094,-0.00765976968332692,0.0673102753325112,0.036987473923211,0.0364167887196839,-0.0233709299533735,-0.0405860987128323,0.0514690936134567,0.0168328790900043,0.0238152728533666,0.00557327856351765,-0.046651152386028,-0.0541940300763345,-0.00178529362165063,-0.0634005314230762,0.0305031344218325,-0.00156731745277506,0.00212979307498664,0.0133477612462062,0.0863748667438896,-0.0703274717505182,-0.00453109590584238,0.0122580036422241,-0.0243140300144223,0.0124561973753766,0.0353901992308357,-0.0453059644523361,0.0402716318594655,0.0273189677158183,0.0628423805687382,-0.037514215527452,-0.0467185148470587,-0.00714907830936147,-0.050960718711335,-0.050398436144121,-0.0192703772209512,-0.0209567869546286,-0.0371710142694579,-0.0343569266915895,-0.0112188489930118
"75",0.0126122690446903,0.0357444820397575,0.0217826654010329,0.0338190098686875,0.0192837879517667,-0.00609132792053655,0.0461913885184812,0.102931348528318,-0.0151947564684007,0.0351156730497888,-0.0114500309052192,0.0598328111951026,0.0373278933213368,0.0822089715445338,0.018217131766762,-0.0386115333690679,-0.0588677832118625,0.104496640277557,0.00560778740657918,0.0441535497156687,0.0217491959220268,0.0579561331236176,-0.0220597404830139,0.00478483583724005,-0.00865951364863174,0.0359764404248565,-0.0051830725453291,0.000355072321652022,0.0371295683304905,0.0378761260375099,-0.000801500048005187,-0.0918261070588715,0.0232035407951521,-0.00789874436566414,0.0180689554958329,-0.0184334578268425,-0.048504614424355,-0.00780838715761759,-0.109724970846275,-0.0538402940582008,0.000615268480013342,-0.00775696472576052,0.0428339041066305,-0.0154585511940645,-0.0556969664035715
"76",0.0160175367209267,0.0525603141794463,0.00424579487384267,-0.0091384057068125,-0.00122445735307472,-0.0477527384656304,-0.0149753777054197,0.0422096546854146,0.0381932369321154,-0.0188325979250051,-0.00691591381999668,-0.0788198990091795,0.0833898214306654,-0.0451072348062195,0.00181526484256204,0.0280598968196532,-0.0329156392012799,0.0258580066653506,0.0645959062023931,-0.0391350781476203,-0.00683077654159972,-0.0873284214990496,0.00882686958965768,-0.0227855348360041,0.0581626577216051,0.00997889953440503,0.0407741322913193,-0.086550419251619,0.0365776156174792,-0.0244360681601953,-0.0106184621952392,-0.0689528857060465,-0.0120326649411538,0.0449024162235204,-0.0410628737677886,-0.00347811068008183,-0.0433855303683599,-0.00459761849206152,0.0626650254491743,-0.00924741079229694,0.076924220436123,0.0344864475956874,-0.010602785312555,0.0169616406719531,-0.0172290176807358
"77",-0.082577459695107,0.014226517290434,0.0405098042004188,0.0104491649061661,0.0248317463888027,-0.022050420505917,-0.101176104528329,-0.00588766103748554,-0.0269220254414053,0.0192135378750345,-0.00486187254887031,0.172495237059527,-0.0260384926584983,-0.0272977705839498,0.0243609277195002,-0.0279043352410772,-0.0404580846998997,0.0337554238258184,-0.00239324626687901,0.0334730205107366,0.131359050948074,-0.050958660799924,0.0536033232611554,0.0757354540703746,0.00906243515811228,-0.0469523347588462,0.00468848125402856,-0.0630495566235014,-0.057903985022839,-0.130764028463418,-0.0590202639346247,0.0284262221005083,0.0252742657160523,0.0599401860041908,-0.0798885456653212,-0.0368087938576792,-0.0189710534574491,0.0530820149804076,-0.0422543137528267,0.0141687758930594,-0.00384439037136178,0.0419110876361177,0.148910446282904,-0.0294703513967352,0.0506172364675168
"78",0.0539927910006585,0.0192007980968287,0.01153121747349,-0.00970688180457817,-0.036728438812188,0.00757131999034816,0.0171960945381616,0.047905376822783,-0.0601301893593587,0.0522078526957876,0.0391810627724251,-0.0103637597319754,-0.0246090489138742,0.0446466167241983,-0.0139175691777597,-0.00394426595612506,-0.0237355695515665,-0.0164873667220033,-0.0175076209853384,-0.112967504536449,-0.000737610192985346,-0.00579274023059477,-0.111632120729138,-0.077441775551757,-0.00954772987876226,0.0162942821734772,-0.000601010513138659,-0.0596828496421672,0.105114429100029,-0.0489941562950895,0.0209179467438909,0.00975498391136306,0.000319852344287851,0.0176625391371279,-0.0461944216847249,-0.0361523360186919,0.03302291986951,-0.00826776393379778,0.0330261410553802,-0.0126077344153112,0.00361439363952519,-0.0995669683041685,-0.0334087986976138,-0.0224046276183867,0.00558868777121403
"79",0.0185893331456983,0.0124980039014367,0.0116546854564982,-0.00228392830163223,0.00840805712692481,0.0554468949427709,0.0340603163962243,0.0430831612899803,0.0011724626964883,0.0136827479113333,0.0598926662580514,0.0161359453317939,-0.00485551889059253,0.0771457041360423,-0.0590701870347475,0.0505572018398343,-0.0656627172969842,0.00731103968680985,0.0147745855000923,-0.0339789247928877,0.0595571528245194,-0.00170424944191945,0.00261502890152579,-0.0125616441082265,0.0434258801132711,-0.0746654802886481,0.0154943330857056,0.0181493311633836,-0.0508773955290116,-0.0368545640686926,-0.0424716826565582,0.00938518229573648,0.0143942479552748,0.049356952247646,0.0267918839764474,0.0271645379404654,-0.0279425986114842,0.0529682785623884,-0.000592369300473804,-0.0495387423409917,-0.0795055348510138,0.0107085457026742,-0.0239862700394432,0.0142933510739253,-0.0230296044496587
"80",0.00060299529679443,0.0165007898278484,0.0211476390314699,0.020727334016122,0.0452938121870719,0.0436918945073448,-0.0374614900099374,0.0449681528491605,-0.0814594199910815,0.092317582046316,-0.0350915045805692,-0.0219592244026011,0.0735901616441413,0.040160246788126,-0.0123803422200835,0.0429414121856041,0.00189223668410424,0.0725487518044699,-0.0147227078674861,0.039371777184479,0.0332248685082351,0.0525529342689472,0.0549610297791642,0.0301985524190728,0.0452046524706124,0.0031169405658164,-0.0423118161315125,-0.0490300630860339,-0.00897801116935112,-0.0193517128038471,0.0348628933859326,-0.0756841146030976,0.0485877226981575,0.0335425867574142,0.0539476368741773,0.011256408472317,-0.0257640420131844,-0.0320465563284798,-0.039292051600533,0.0659315973915109,0.0463687468357919,0.0615614623640691,0.0376737797101117,-0.033067659946907,0.0090720868607536
"81",0.0224143794217277,0.0451321420816781,0.0378716624081497,-0.00778343331678348,0.0200658969114833,-0.0192802326663624,-0.0256847779249208,0.0496510287592977,0.0675596663427081,0.105514149623596,-0.00342535419183231,-0.0696570317126563,0.0317135219712038,-0.00512510523373601,-0.0252342174876431,-0.00855810807886915,-0.0678684917761374,0.0547083611992651,0.0154414273197198,-0.00973321095988725,0.0930209191446868,-0.00258751932887206,-0.00970759147620871,0.0128379404964182,0.0174474014011773,-0.0795324020684088,-0.014406413798435,-0.0887249108414629,0.00998845532711127,0.066381943732177,-0.0194786429886311,0.0173151095616465,0.0203520417368206,0.0939804547932396,-0.0413181147220629,-0.11778953236653,-0.0101709503902999,-0.0190707341139744,-0.0376055621007189,-0.0150028630522854,-0.0117670642693312,0.0376565270829559,0.0675612971901793,-0.0421491104119234,-0.042996901437845
"82",0.0674516212848433,0.0203279804004397,-0.00300623291539657,0.0221084884848103,-0.0084004866147282,0.0383310444837163,0.06279390164911,0.0127260119075757,-0.0223322665112428,0.0385628854741622,-0.0176759354382245,0.024792468975309,-0.0706235353542348,0.0322852871874007,0.0303600012845304,-0.069605512293743,0.0169683492831855,0.0261367178570078,0.0600074125360774,-0.102555719264865,0.0310661548345904,0.0364949483202788,0.00839034660645851,-0.0139078222468715,-0.0608508303218873,0.00216599677308986,-0.0492277219651911,-0.0115906770290162,0.0641116758575747,-0.0166661531212508,-0.0439765311896621,0.0381880966259169,0.000359266341013851,-0.0697434063413401,-0.0707041830791077,-0.0541687237850937,0.00498464355668664,0.0213994754904958,-0.0643229861081555,-0.0284611962916363,0.0718076598036971,-0.0400326421304283,-0.0210203922716851,0.047891946494682,-0.074672458499119
"83",-0.0384187649008558,0.0126307269413319,-0.0138344552248433,-0.00264558576319816,-0.035881323829154,-0.0104183267117927,0.0490187771628061,-0.00515007153237927,0.00680015638607571,0.0695173187638812,-0.0281584390893767,-0.00586073228913761,0.0384307634143312,-0.0243862679784905,0.0368843308140454,-0.000860465830302722,-0.00228619431685276,-0.056040672793979,-0.00937169026657562,-0.0140973443935611,-0.0394392439003792,-0.0691172639134691,0.0450536436923524,0.0424705487123533,0.04065024342161,0.0324923515716649,-0.0351122796716077,-0.0284361611179105,0.0668630607738774,-0.0704799617283823,-0.0341274801335038,-0.0332001359642751,-0.0191338382124877,0.000242037564041709,0.0749870863620187,-0.0130445321297707,-0.0452047531374551,0.00761158268303641,-0.0232416295417171,-0.026253165497823,0.044198684782224,0.00787738855723909,0.0303403404273127,-0.0701828541029395,-0.0449644259191787
"84",0.090452295892576,0.0144119477790569,-0.0262481299498685,-0.016257902767257,0.0067380517675042,-0.0081457195768007,0.00160703517081334,-0.0689202311284177,-0.000758230404453551,0.0290500622169375,-0.00934414960034166,-0.148817995043435,-0.0119839562035178,-0.0289361586244473,0.0166256587286687,0.0390303547874935,-0.0767748515961758,-0.00228214063688091,0.00634433479778445,-0.0910657106851805,-0.0355951256172876,0.0847152038960879,-0.00421899278580049,-0.127489710970696,-0.0585712767702841,-0.00278533418432536,-0.0047857445933835,0.0472150421408283,0.0285375532204848,0.010772387960609,0.0440126514951907,-0.019171351087957,-0.0168151337650561,-0.0033454702396407,-0.0500147075133338,-0.00218991341723198,0.00389641743963721,0.011044556718142,-0.00645991022322175,-0.014676612792824,-0.0885853049330954,-0.0191673321869365,-0.0333603174413726,0.0602562288317663,0.00715494555336519
"85",-0.0129389916185179,-0.0524716094332019,0.0556425895746624,0.0505847261317732,0.0401352585634188,-0.0170284735824844,0.00514902264688876,0.0111863539777946,-0.124516785673443,-0.00412730428403207,-0.000719856770424798,0.0436229237790872,0.0265274430691042,0.08793961841428,0.00504323999749341,0.02582152983765,0.033235948851409,0.114287271730532,-0.0530106529986819,0.0482425065974855,0.0544337470217565,-0.016467403064584,0.0406622797906133,0.0424462900232261,-0.0190983860841893,0.0544771838582463,-0.0378717161254154,0.0490430348426779,-0.0293590162948547,0.0182657439738602,-0.0125009511254054,0.0484443566884236,0.0854037450886987,-0.0901331128176905,-0.0450661279700493,-0.0271653083912828,0.029350373059075,0.0219533332341751,0.0253339670754984,0.0744531657092667,0.073253770518868,0.117220669128526,0.0807118571911717,0.0314353366984515,0.105140332822118
"86",-0.0030719902661542,0.0217165041212692,0.00674769855364492,-0.0179264500250935,-0.00858783743308664,0.0311668779875876,-0.0416758020039681,-0.0454373203063018,0.00498551659049119,-0.0108222144698495,0.000269805933713629,-0.0294346636021305,-0.0406909630872588,0.00163613770576948,-0.0448541687667276,0.0177772528920037,-0.015294868380143,-0.0307390847827432,-0.0354674068469693,-0.0305571910504494,0.0390562796294593,-0.0275824671224484,0.0175558565419651,-0.0683558558697651,-0.0599277168108207,-0.023322093427419,-0.0212102488628829,-0.0220489169983288,0.0349494448650763,-0.0435066445154018,0.00503443595810855,-0.0311201326334745,-0.038664112026269,0.0096151290010701,0.0283668185342546,0.00772897765363664,-0.124253745600424,0.0422224813335801,0.0409248021225185,-0.0262838359261265,-0.0248972070447982,-0.0341027166862512,-0.0231836084212042,-0.00376234204730477,-0.00992725345947766
"87",-0.0417792846735669,0.0122658120656298,-0.0178926781651974,0.0315150597810208,0.0161821039021521,0.0159785476013096,0.0203785509352547,0.0446666840928582,0.0781554807862985,-0.0140437818960843,0.0866974981586454,0.0371455689686137,0.01050769835085,-0.0272488137949691,-0.04281368599268,0.0155987822909008,0.0135151180652999,-0.0244705178999865,0.0265468659933167,0.00215580531270894,-0.00508381902548388,0.0817270068201542,0.0267568743800264,0.0812503680722047,0.0110714110324038,0.0817815275399972,-0.0187174269557733,-0.00447182155257903,0.0119772999032114,0.0471493245299336,-0.017274275019904,-0.031563714903347,0.0422235757070024,0.0115472051287633,-0.0612400489123708,0.0189976510382016,-0.029679475335477,-0.00110847177572408,-0.0818402673560082,0.0192548882605324,0.00481951286593026,0.0383172593483105,0.00340870148872113,0.00398527248970715,0.040629716305482
"88",-0.0154651768794532,0.000936379927783399,0.0140153003338512,0.0122690212353827,-0.0104931136152793,0.00591112259731491,-0.0414956217219341,0.00990996621877762,-0.0185856414874056,0.0375453149258986,0.0241355243303206,0.0120086842163353,-0.0433489286256756,-0.0297965778853638,0.0039954617711614,-0.0452137631150751,-0.0405009217102228,0.0147514513012709,-0.00246290114810396,0.0225455882218555,-0.0315643906773005,-0.0321534233541756,0.0297959293802654,-0.0563934762813885,-0.00358793370759641,-0.0364814914109347,0.0144598137099149,-0.00791733285621686,0.0120733447546767,-0.0283975104383073,0.0236499616770713,-0.00135567617137532,0.0630731763952829,-0.0183717475696252,-0.0201232355474632,0.0391656991093341,0.00691882754987732,-0.0501473122957581,0.0380551105122487,-0.0390049277700055,0.0184576702158774,0.0125986086117791,0.0267336918647081,0.0898971942109924,0.0489327421992596
"89",0.00165268924403402,-0.0142668737632064,0.0198988182436471,0.0126106109174939,-0.0183778363666182,-0.0298477828290276,0.0254268336909019,-0.0262185662780961,0.0100166008528983,0.0280833069415276,-0.0483829947783844,0.00785394884536978,-0.06774239437133,0.0518573372635859,0.00848245408976362,-0.0644066378210154,0.0533265335376098,0.058048287759978,0.0205638502049892,0.0159730678500998,-0.0823157439220755,0.0656626665301487,0.0277887810575839,0.0501594455384179,-0.0389920632779596,-0.0596908272571856,-0.0116346574224137,-0.00571901305925438,0.0175589171182897,-0.0287490335241183,0.0271073524174718,-0.0193849256812746,0.0271721081079792,-0.0698790878813884,-0.0294689405702982,0.0464995597317096,-0.0234274837749761,-0.0559689092206338,-0.0337323315380387,0.033126410256135,-0.0137744846627308,-0.0810573997488851,-0.0111034742248373,-0.0178902089940628,-0.00233905221422299
"90",-0.0123566910568321,-0.014692469134561,0.00593398201007621,-0.00625433505868341,0.0183260850662708,-0.0144066594899121,0.0431262356937352,-0.113221375064291,0.0334328579837957,-0.0173140705095439,-0.0277518797814346,-0.0471570188331456,-0.0181125996489771,0.0909728692205932,-0.00960237608424161,-0.0497252888133248,-0.00663371222925454,0.0275881446612679,0.0200335166671396,0.056568654733785,0.0799299947389962,0.0111931258302317,0.0309190749271104,0.00932027838027713,-0.00983157247419835,0.0262847054900074,0.0401069942631096,0.0433393861860722,-0.0980097068262772,0.101751215599177,-0.0161520573816124,-0.0224676845502673,0.0232409011439287,0.0564864313546145,0.00975945828048379,0.00257371460262765,-0.0137043473567357,0.0446411157956684,0.0331163890769778,0.0378457744095155,-0.0557144924804029,0.0257460873746195,-0.0651989889287328,0.0249131949026812,-0.0515098573629904
"91",-0.00777235494415467,0.00976203743307696,0.013045996275711,-0.0292068669315827,-0.00216541697168751,0.00825711732093585,-0.012937408580255,0.0465772475445044,-5.20445753089457e-05,-0.031721364737849,0.0315303200582424,0.037722698370146,0.0499571026644226,0.0201418916923399,-0.0177075986743324,-0.0453510074035389,-0.0682651188657529,0.12118831099606,-0.015390586541059,-0.0254712111590155,0.0773462890951987,0.0128430519213048,-0.0254410530016525,-0.0767785575147958,0.00698887255218252,-0.0558750397962262,0.0519870638767163,-0.0874772637637837,0.0127705722420017,0.0163512101380273,0.0939893151357339,0.0652941637272201,-0.0235176661158018,-0.0288273024417668,-0.0446184483477629,-0.019357232003805,-0.0627668406293557,0.050359877796434,0.0165766389266679,-0.0205910740118889,-0.0149811245069675,-0.000304153019664502,-0.00162219676519347,-0.0240987470944604,0.0032790476983754
"92",0.0677510744729496,0.0362832935730213,-0.0366350948876588,-0.0371719263435884,-0.0117759731226315,0.0849019739947389,0.00129432762990413,-0.0305440321826291,-0.036501429493336,0.0803500582052606,-0.0130220877130447,-0.0305727422156179,0.0197923324283831,-0.00460996450852929,-0.0553692863776217,0.0330797197842748,0.0304587639167545,0.030184530150863,-0.0160784970087846,-0.024096491871967,-0.0399062897047074,0.00126191480707137,-0.112770042861301,-0.117521362492525,0.0290620028018984,0.0532028653391498,0.0380353212146173,-0.010347392352568,0.0489719874844271,-0.130897210517618,0.016005398320607,0.0211746847293074,-6.9834270614539e-05,0.0167538452979735,0.0245337339372669,0.00635343194102055,-0.0599980121252808,0.0202816474344776,-0.0515694178184925,-0.0294719812317216,-0.0184356272480877,-0.0423613199412731,-0.0681235482979984,0.0596339076884094,-0.0760239643935197
"93",0.0263261749669703,0.0232778684170894,-0.0457155938760671,-0.00210151778840638,-0.0306467191135932,0.0463939622720941,0.055826129471349,0.0160957734387291,-0.0390508949465155,-0.00477394777686599,0.0279555577156191,-0.035078258047819,0.0123447420769591,-0.000956907534527823,-0.0261167478682582,-0.148920676672488,0.0161311085168729,-0.053273373702068,0.0383746966326599,-0.0664407364536082,-0.112646739751105,-0.0245822306113733,0.010165451945492,0.0108647650225265,-0.0373678808919589,0.0309199112922924,-0.0306833041854769,0.00648573347788049,0.0372180532467672,-0.0951806781266974,0.0280954736054713,-0.0538665367142053,0.0395043940535498,0.0301639551395574,0.0629141874633278,0.0405661659734948,0.0858055348321969,9.09518305309623e-05,0.0618234241099966,-0.0712401654125178,-0.0111127111819782,-0.0584294742708543,-0.0523111221019576,0.0242843793925507,0.0203133398396967
"94",0.097382560695972,0.0281720623173733,-0.011142729455387,-0.00642754183803032,-0.00949470223003038,0.0358254002327981,0.047930141383373,0.0546915578693037,0.0128438732629179,-0.00859496876870404,-0.0533214121801585,0.0682349786072915,0.00588263784443593,-0.0831791240871155,0.0290962241690133,-0.123445416457018,-0.037057316032404,0.0163394643694704,0.0660645169963259,-0.132405096066627,-0.10493248228032,0.00844203162568689,0.0117943161913214,-0.0559100279836469,0.0752724240807724,-0.0509395146260694,-0.00760439306647152,-0.011392719156089,0.0593775221459485,-0.00342866342448741,0.0167188385774847,-0.00407159556174487,-0.0442099968139087,-0.0116492771124321,0.0665741144200118,0.0339945046167402,0.0118630125906404,-0.0425557192069217,-0.0733859475909674,-0.0605439194528549,0.0110407373921617,0.0198510794822382,-0.0573287666905576,0.00176668060481575,-0.0867753805972126
"95",0.00901319551510129,-0.0115739709686873,0.0265440257356442,0.0192659104926119,0.016898832010881,0.0710191356951432,-0.00113312803828655,-0.0305966207593984,-0.0215427187001657,-0.0506540356031349,-0.0675261394576722,0.0479708339867389,0.011242223999724,-0.0299035084302895,0.0153438394308397,0.0150932511823081,0.0437640911507113,0.0266192732991105,-0.0790085090727983,0.0643833846220271,-0.0413615668601834,0.0589294146392152,0.0214562779931361,0.00158789611947173,-0.0440386832795594,-0.110835852131527,0.0295942787022157,0.00920146239539848,0.0166315014604209,0.0624486375462456,-0.0338113706422647,0.00190010197836027,-0.0015560100696917,-0.0353048157209503,-0.0187043669309938,0.00997613881603372,-0.0117724821359767,-0.0847779318480139,-0.0400002841330182,0.00941417513989737,-0.0360325909555421,-0.00623250462543871,0.0261932115227395,0.0101081361681689,0.0217986389559741
"96",0.0513864299233174,-0.0157613696940572,-0.036887005822859,0.0212990175325772,-0.013100852561143,-0.0138045620869343,0.0330933606610163,-0.0140703594726107,0.0293257953004926,-0.131633368097785,0.0023894536917025,0.0464183995404298,-0.0479445562146754,0.0344531511828079,0.0364855707646769,-0.0491775734953022,-0.0054500453657111,-0.0826909711173609,-0.0303026237952685,-0.0451906401530922,-0.0613035752432017,-0.0251117873537931,-0.0433291113828536,-0.0696151175378743,-0.025373852195004,0.00571474320317365,0.00136048452249617,0.0021446872316887,0.0356734960785686,-0.0310615216340214,-0.0168673860324399,-0.093379619759975,0.00325640535956488,0.0132850778745346,-0.0480392905338864,0.0339907929122329,0.024751157088819,-0.0199276407264217,0.095452197608131,0.0235362476625117,-0.0187153395212159,0.0453639147346775,0.0359273103211812,-0.070132729887979,0.0501260956380259
"97",-0.0480020166440589,0.0263332783290416,-0.00934885256636034,-0.0113259797312882,0.0307235676201151,0.108869262424964,-0.0232965172915183,0.00448199226262804,0.0208878831607775,0.0130157406863432,0.0808921900334354,0.0161706658897307,-0.0417725053484493,0.0109178244816876,-0.0223109187684162,0.0953360002653583,0.0263899251541615,0.038154940292942,0.00381554414430664,0.121606481412598,-0.00630431052177149,-0.0259310206845167,0.0472943699895038,-0.070290440298712,0.0315744186773258,-0.00211711356174764,0.0237314437893417,-0.00498050638633706,-0.0105489205947803,0.0162276159889638,-0.0501567226292067,0.051684302880444,0.104100834393096,-0.00145514724958791,0.0387779722113879,-0.117419907963178,-0.043446811672419,0.0246025959492004,-0.0467970027858942,0.0389593798129426,-0.0231588601757515,0.00877936155347186,-0.0149579487362684,-0.0176030524498866,0.0337329630797564
"98",-0.0454231183118554,0.00303730147505425,0.0215164488422041,0.0285243366580264,0.0347336321941516,0.102053571194376,0.0320196760491385,0.0439314201285863,0.0388009123170776,-0.0328192135096351,0.00553551704788943,0.036172528554689,0.000593542870652226,0.040762757762862,-0.0693971605933425,0.0672687002961827,-0.079828620221294,0.00501016332625552,0.0561733737291901,0.0738647919562866,-0.00910225524648393,-0.00639682285376672,0.0102444631719583,0.046863875211897,-0.0141629805072984,0.00307750393799568,0.0159445501121658,0.0721273373090729,-0.0385815567649372,0.0530253622827405,0.00712246463867119,-0.0685513423798662,0.0985784205081626,0.0108178487654527,-0.00826810975824954,-0.105154237606995,0.0153705385405688,0.0213943091713837,-0.0795526342600061,0.0479726401819792,0.00629230294894675,0.0215763619724207,0.0415743069953089,0.0408256523923594,-0.0509920951344234
"99",-0.0251217506063624,-0.0405785453940596,0.0203292649015436,0.0403059577390689,-0.00219901698290572,0.00108765516068802,-0.0198426550435226,0.043962411887246,-0.0488013949756935,0.0235037601159116,0.0286746328135389,0.042007775233337,-0.00619384988944738,0.0190568665501029,0.0219187222952207,0.0248580519816654,0.0364264371882422,-0.0636859138971367,0.0741001146625271,-0.0216988851691821,0.0576959980725471,-0.0424134951372413,-0.06425308447908,0.13505790149078,-0.00772272353320467,-0.041962230847378,-0.0585694415962163,0.0910573588887009,0.0296161928186553,0.00036972525747719,-0.00445563270379447,-0.0499876844131174,0.0589068728847845,0.0088073112553857,-0.0188669671318938,0.021373367947858,-0.0535510924230892,0.0705927494143113,0.0181186881279341,0.00501214700659652,-0.02401362173957,0.0187994881131821,0.0121292027526986,-0.0793505368020158,-0.0204780694423341
"100",0.0242567610528737,-0.0418332970394389,0.0456318677541821,0.0424437983159726,-0.00342248825510726,-0.0253570080358403,0.111095455827859,0.0629109144748245,-0.0117688594532682,0.0743483978449316,0.0130208648639396,0.0518794984477221,-0.00209114459630935,0.000189395761537557,0.0589180993792245,-0.0468366868256475,-0.0100941104495063,0.0412982686143633,-0.0142722663625579,-0.0272285684163001,-0.00658521814284597,0.00480054311855854,0.0196889078872349,0.0295462751568261,-0.00632029550854585,0.0282645027919026,-0.0733007873406767,0.00458817677384389,-0.000971682136130483,0.0559833164258686,0.0111866700881344,0.00221190676226657,-0.0224819173343141,-0.0624540794841682,0.0436253372591632,0.117899774890905,0.0359370000686254,0.038571000256083,-0.00619898825081155,0.00759079848291439,0.0376011786619117,0.0308044935961084,0.000641787376846698,0.0595427245199617,0.0187288058981334
"101",0.0265568008620711,0.0247361186640976,0.0133498008408328,-0.0150501912002704,0.0158087909971907,-0.00773382285347224,-0.0255206082299872,0.0273223549380695,0.00119672859079673,0.00691609429957609,-0.0745632482024056,-0.0763627250654786,-0.00906246744012179,-0.0333396849791284,-0.0274650181651362,-0.0275873047780916,-0.0337926333849141,0.0630821689268456,-0.0513631795100259,-0.0396855792729469,0.0565571636194625,0.0147986793986633,-0.0597689834686699,-0.0353823506609114,-0.0206707140089857,-0.0955715816406248,0.056351686812215,-0.0360107332956742,-0.0120132058821991,-0.0162309960912561,0.00630315439646768,-0.0229733516352181,0.0224883185726164,0.00674693171862718,0.006477216757781,0.0114736050456033,0.0115241832022129,-0.0425761242391632,-0.0561276916670247,-0.0953157602232612,0.0228896257958733,0.00459955760394141,-0.0994571055357781,-0.0480242815557604,-0.0169049672098083
"102",-0.0998554301060781,-0.00932873213623277,0.030604292846407,0.00741483736951903,0.0293882608455143,0.00445117038195134,0.00722740361209326,-0.0275921218584712,0.00690430445438714,0.00483721979979541,-0.0408389632132296,0.0735566009527904,0.0307678061892371,-0.0459004595786047,0.0175227812075314,0.00107687144581184,-0.0623666678390313,-0.0660999247726922,-0.0365465161768935,0.066864218374404,0.0865075249646794,0.0454798058528882,0.0841179685542081,0.0923839817847046,0.0285971131546615,-0.00415790617295842,-0.0315224503000151,0.0246447066372951,0.0125708052706426,-0.0162392287916486,-0.00459031562803338,0.0405162907946384,-0.0276971966708665,-0.0523603445320881,0.0430163976206628,-0.0179725888572016,0.00157290457130262,0.0358436156398033,0.0146502991355866,0.0158424150902274,0.0182727250331094,0.0587788242980201,0.017976830865579,-0.0824486882780645,0.061370059318318
"103",-0.0225642296153368,0.0190007962225423,0.00519407477750961,0.000254231826501668,-0.00974146801974613,-0.0654127535715899,0.0239146926518342,0.0591713246214075,-0.00156770281081314,-0.00497486320122529,-0.00537668045085573,0.0335532149999744,0.0747691340874771,-0.0498222588361744,0.0433382902989913,0.084300469208705,-0.0662535860021179,0.0810184862601702,0.0255302506024195,0.0355480319843524,-0.0268753940654821,0.00688811564613041,0.0586365747992523,0.0524749956110654,-0.0457756038583781,0.0235682256745981,0.00880199643724525,-0.0322957169770568,-0.00852148685173385,-0.0425509582507271,-0.0435351708717692,0.00768933377342569,0.0127897906045169,-0.0535714545207337,-0.1062056440963,0.0530390656742456,-0.0932025670736099,0.0298521419846479,0.00670767333523769,-0.00679487180250106,-0.0703923009266462,-0.0609256005015205,0.0178470415702824,-0.0180594064539212,-0.00660113125651865
"104",-0.0266933334822391,-0.0301952060304116,0.0059846484628743,-0.00260625814593016,0.0202128735762782,0.0799679553956914,-0.0358336505182834,0.0629358191488373,-0.0314821460619936,-0.0524076799106839,0.0131273635934244,0.029716446209563,-0.0674212844147725,-0.0417028181798963,0.0526645134904442,0.0260235186894965,-0.0486744857437808,-0.0165961802129827,0.00311739354492232,0.0651912026587106,-0.0321067969219193,-0.00382251173300138,0.00478008300883222,0.026861842945916,0.0424042623099821,-0.0660140052441805,0.0723495177213746,0.0921111700524405,0.0624227541678528,-0.0269785308121521,0.0318107427744256,0.0406566654700332,-0.030935666883975,0.0534531887514588,0.0579089463330741,0.00835311448003719,0.0937013703079239,-0.0180126228210602,-0.0124410973190944,0.0552771938224824,-0.0170540697057133,-0.0761227357429182,0.00262702971241219,0.00254570627427254,0.0253882146980151
"105",-0.0264873615812917,-0.00466830145634825,0.00674328881580309,0.0450489180239894,0.00545982180706084,0.0947428239374606,0.0281813183405442,0.106435363090778,-0.0412777191998309,-0.0403443643362975,0.0217882064058135,0.0124583492601204,-0.00774004068314135,0.0571254681629809,-0.0257329251880526,0.122414234034591,0.0648760112870691,-0.0662394077432024,5.81297994737759e-05,0.0312173025986857,-0.0627268670414428,-0.0400429069302864,0.0988715924725436,0.0190408359561676,0.0313548286015608,-0.00368287736552813,-0.0684435534908194,0.00300170364246728,0.0452227192388299,-0.0186941022523977,0.00537081629595985,-0.0868611964593005,0.00725964170267898,-0.065141847294041,0.00138020684403528,0.0847202053136116,-0.0513015543632645,0.00219394234085649,0.0412663780714971,0.00480711842655336,0.0395571758599182,0.0685841789222595,0.0507139745021945,0.0132642725629467,0.0871402638841778
"106",-0.0749422040629048,-0.0397271264555265,0.00827820139128733,0.0488113683441432,0.0246453229976032,-0.0103117911042991,0.0321689894269936,0.0578364121808737,-0.00314398077383964,-0.00919212897871117,0.0531143868686695,0.0494519428371879,0.00212277405044945,0.0554394584569129,0.00562362853726611,0.106431806316801,0.0726275277763349,0.00780236327746986,0.0734643706815081,0.0677453988324651,0.052003422712206,-0.0373230923434279,-0.00997470235510013,0.0496610424456715,-0.0313162208822668,0.0600643691176681,-0.0492792980967977,0.0446857095487266,-0.0255562195155485,-0.0530850500955229,-0.0147465916459938,0.0214494236240908,0.00478544730052734,0.0443138398687532,0.0467991073759572,0.0141740120254817,0.0988543451438228,0.00748465773814273,0.0482603676857591,0.0515286079643969,0.061418981232581,0.0550300311080984,0.0948951613122261,-0.153447569436673,0.0488388593148629
"107",-0.0309269172688823,-0.0200611691886369,0.00434540707372422,0.0260865990745613,-0.00718931878445392,0.0237429766172462,-0.0244142623696688,0.0461356857060243,-0.0922119047423581,-0.0674720134856589,0.0683399947018159,-0.0274566125692722,-0.0168095602306308,0.00676122244536574,-0.000239443489925622,0.0556161881713097,0.0290151469290846,-0.00791713405607295,-0.0161545272663393,0.0348282920513802,0.0446597336071559,-0.0332295060265731,0.0289151854889477,0.0201244915419782,0.0161747739912398,0.00830478866077852,0.00987304573485095,-0.0338831095096817,-0.0157872741104774,-0.0161095525775746,0.00373125033870258,-0.0628246959137542,-0.010843029471481,-0.0609039229804125,-0.00468881843088412,0.0270121249648022,-0.0448506489192335,0.0857981470836507,0.0510894584556446,-0.060780363821958,-0.0290018927068847,0.0138796925631579,-0.0241348605647194,-0.0327036885694189,0.0500603388536166
"108",-0.0581837991678879,0.0144447861395703,-0.00340197485142356,-0.0187434399607117,-0.0180085268127037,0.00857818505892336,-0.0215616912490246,0.0122269588375084,0.0496024833821614,0.0189568327621388,0.0444301366877586,0.00273458484892568,-0.0834631137568187,-0.0574389262351546,0.0163539691488027,-0.0547412106630809,0.0648662609873447,-0.0209103641572922,0.00537625975489519,-0.00576106164508185,-0.00534006443634375,0.0228500076469542,0.00756650896903682,-0.0108542349863669,0.0318727155752597,-0.0415119057756381,0.0165759292804453,-0.0272374822648428,0.00570232431023048,-0.0847481780486952,-0.0535303601671856,-0.0344134715640854,-0.00026253957501049,0.0381576625548325,0.0441056581483448,-0.0418064569750344,-0.031334635287978,0.00910915335780713,-0.00678355102225504,-0.104729235462669,-0.0168780712359926,-0.0536938315901341,-0.00824542551097218,-0.0803783479470603,-0.000607641902852598
"109",-0.0275910069623264,-0.0258888742291172,0.00426438202084033,0.0351556521231679,0.0204008829390228,0.104157382956849,-0.000693791347919723,-0.0429258980849166,-0.0429265591241479,-0.000330597457540513,0.0824412492458119,-0.0112367946922562,-0.016959320702063,-0.0640193754005906,0.038463950081158,0.0909182796897176,0.0340423647312062,-0.00915987694439793,-0.0228731143304912,0.0770658998818058,0.00181496150095642,0.0381198687445858,0.0348954978308402,0.0487631113682961,0.0123790462151521,0.0982278616490221,-0.0428224516193366,0.0788591355404804,0.0102254148357514,0.0299348489567038,0.0315483977863145,-0.0357878564247017,0.0390953560685577,-0.0430649465203955,0.0935496588545983,0.0732235050189451,0.129488683056073,-0.0046388273833412,0.0763420051195747,0.0224369100836754,0.0424153468797348,0.0827929767385528,0.0176344961104825,4.59868868209739e-05,0.0294683332167066
"110",-0.0171993371683596,0.0212211394330563,0.0470309528424239,0.0206296522149664,0.0235472233401326,-0.0191377360637431,-0.0336365550515005,0.0257802552203342,-0.0426235634711965,0.101274749498429,-0.0156672360139087,0.0520751026084572,0.0483375664431591,-0.0314871090970365,-0.072729089226596,-0.0217410294347091,0.00307142447665928,0.0464029207791027,-0.0738122920408394,-0.0154707731835572,0.075388687323354,-0.0283527856115945,0.107879300321375,0.0436823677376061,-0.0486435397622033,0.0423291446476304,0.06731369423287,-0.0418544780556997,0.0222570477622357,-0.0320440578516309,0.0316542371708512,-0.058667012220572,0.0148594767310903,-0.0428757234356587,-0.0208858464817733,-0.0592874345003887,0.0169341154902968,0.0686887642214897,-0.0478573915770178,0.0178639096467074,0.0289609677901202,0.00383286700070215,-0.00534037366371864,-0.0646884435901232,0.0437545979876063
"111",0.0151177011463988,-0.00648753189617395,0.0316672948252289,0.0187447471969699,0.01571438483561,0.017533823696209,-0.00875868477884804,0.0613149257153545,0.0120197365552078,0.0459991711105779,0.0402472230319806,0.0115408196889402,-0.029135885027622,0.0512263501145953,-0.0135016283418422,0.00259812301913338,0.0243100431681301,-0.0180418519183785,-0.044246930152625,0.0696636741868328,0.0940437545233174,-0.0477546932345529,0.079730269591522,0.135996741663433,-0.000107316602369736,-0.0358570497399856,-0.0184336437948254,-0.0506774269148585,0.00355326588360309,0.0252038342881646,0.00521021695458838,0.0106902788538532,-0.0140250283135861,-0.0318672235559213,-0.0293705947346671,0.0268000875371962,-0.0368893425312001,-0.0309957699080309,0.0340644617205638,0.0623777313744306,-0.0231012273939456,0.0816891527952333,0.0780595909398758,-0.0651137123720812,-0.0555757568091718
"112",0.0565469770859971,-0.00659931119169579,-0.0361008499034236,-0.00263892583098419,-0.0239109067958919,0.0383308819636214,0.00436781695693461,-0.112916916766338,-0.00663965729710674,-0.0331923032744689,-0.0114760660483759,-0.0361078770053856,-0.0226452101448533,0.0691320624511146,-0.00702720543182934,0.0554009840057681,0.00397572246330495,-0.0597143552855991,0.0580189289657024,-0.0600997035526252,-0.122940988360483,-0.00462194841442532,0.0523204252582906,-0.0131705579182239,-0.0178234712682789,0.0286876179613656,0.0177625510645244,0.0878397544660553,0.0767385146804922,-0.0904557869936834,-2.27076665480948e-05,-0.118550555605918,-0.0581646791785355,0.00961951695264237,-0.0636473273027993,0.0619811631755744,0.0279407617448077,-0.0731185387959239,-0.0134258033233135,0.0631838133858453,-0.0104840183878952,0.0203603308882252,0.00115889754459776,0.0907766499783305,-0.0293694505573352
"113",0.0420487802591275,0.0339802459325139,0.00912477274894839,0.0343645807777855,0.00729709244400723,0.0398232051650808,-0.000933568977685262,0.0389870324856538,0.0106510348981,0.028579051851074,0.0116797095627375,0.0249201553617125,-0.0101658833216228,-0.0800200930288135,0.000862922515116129,-0.0710328882098893,0.00614417038683143,-0.0174141122036203,0.0985980314563953,-0.0534747762909707,-0.0284267310837074,0.0118989289762947,0.00346392071694528,0.0322836286610121,-0.00306891683357128,-0.0559861695404389,-0.019987031460825,-0.0106546351384727,-0.0227526790435206,-0.00279881054539266,-0.0339387225082858,0.032482193297224,0.0139322706272208,-0.072474003340648,0.0485340713356813,0.00806740727133733,-0.0612116850032679,-0.0268380339721175,-0.0792215576213037,-0.0447324738699441,-0.0097642117489004,0.074063214182732,-0.0728258947983153,0.00102519827493562,0.0594231719434503
"114",0.0451125740272871,0.0515272291558875,0.0346654316491102,-0.0319843172672849,0.0012926596358198,-0.0144580860172727,-0.0104600316923955,0.0253858325548074,0.0715350011700375,0.0416174069404613,-0.0754142107380355,0.0095985556515216,0.0339824093724666,-0.0225442263847492,-0.033734631180238,-0.00899723483980886,-0.0857554463824307,0.0613556159995008,0.0268544798388096,-0.0661657563600733,-0.0136047065230458,0.0335655632701349,-0.100747225846188,-0.0831038844692129,0.0914106737993105,-0.0614020289705974,0.00697212127486795,-0.0306632637987727,0.0143620858667166,0.0191884097389144,0.0246499192650994,0.00785307292801816,0.0835025927393759,0.0873684985401082,0.0495069672505556,-0.128123660513012,-0.0214184028352766,0.0464630470064355,-0.0484612546038698,-0.038036580893016,0.019680181616978,-0.00400445737828774,-0.0821413121325745,-0.0536880315512113,-0.104895758352695
"115",0.0169325005311105,-0.0168551356643549,0.0158752499005616,0.0167827549168808,0.0134005273084266,-0.0200628875687554,-0.0324778820751415,-0.0277506138084802,-0.00237800157535407,-0.0990510390399793,-0.0725451599925154,-0.0111647784054019,-0.0142398116484135,-0.0512198122190903,0.0810099266659953,0.0879544067799798,0.0214574585154666,-0.0676436423390289,0.0471019381313429,-0.013565806246831,-0.00375953553633609,0.0452009492275824,0.0405009701868748,0.0403968098822209,0.0251833298590401,-0.0608229017636004,0.010801523193783,-0.0114910056185334,-0.0263076010682394,0.0133463859335206,0.0297106235066959,-0.0240590366430361,0.0682505056705642,0.00651733130291797,0.058109087107136,-0.0867738005540847,0.0416261407685451,0.0600722631999991,0.081877913416155,0.0371852837916576,0.0332037131538797,-0.0297456253866078,-0.0149198538247551,-0.0842114638217853,0.053049541516298
"116",-0.0339911139934943,-0.00300110696188823,0.0340498772668399,0.0292586942567941,0.0299644495925996,-0.0807723474628418,-0.0666037976792762,-0.0350713908666735,-0.0323077502230954,0.0200746917783073,0.00377459519490267,0.0591052178772672,0.0152163235719653,-0.0430002115766606,0.0302947026717435,0.0539692932140693,-0.0321039732416673,0.0785109092867472,-0.0472133056164144,0.0811304017173635,0.0522983364787691,0.00820671779983784,0.0665997073864384,0.0339226420233978,0.06378653091342,0.0833594360997474,0.0132749168579258,0.053307402926246,-0.0733440896809657,0.0257531584234321,0.021030796899465,-0.052154273707107,0.0125100164971477,-0.0596078418167124,-0.0147063722183832,-0.00929958875249683,-0.0457714794482401,0.0105499710053125,0.0460475049305572,0.0802470854623507,0.0239625940196418,0.0564974780604342,-0.0294600916199398,-0.0376039191517056,-0.0121696515176762
"117",-0.0379597605978888,0.0748441471433533,0.0106054468292979,-0.0255330148167451,0.00704859541924881,-0.0306596497639188,-0.0298745371986727,-0.0192595165319535,0.0267499629773744,0.0157302097788566,0.0359563899082059,-0.0119795550060017,-0.0305645589099408,0.00672432973024135,-0.0945570524267604,-0.108200540324754,-0.00954178940312481,0.0141251155922429,0.0621092103021404,-0.0146763292913354,-0.0397936136352565,-0.00594287804578605,-0.00084346017410346,-0.0810236043443104,-0.000121299953656718,0.0216400806264942,0.0894329380182995,-0.0518746873562293,-0.0400666249523747,0.0798485232402089,0.0544962692699155,0.0530368527782481,-0.0734205630146323,0.00297236732168825,0.015293788914282,-0.04678590621018,-0.00981723307248315,0.0423925419147863,-0.0956156148535896,-0.0515744378635346,-0.0272730734198002,-0.0330020304601791,-0.0690162123882583,0.0330628046547075,0.024301541379706
"118",-0.0251426261602514,0.0350044595522939,-0.0165494880675714,-0.0571868557429047,0.0175005959553058,-0.00774681688325798,-0.0559908611092789,-0.0257138830036163,-0.0295794257872495,0.0528593062885121,0.0204973296201774,-0.0104160690576838,-0.0108120070844403,-0.101097169786284,-0.0793564041354368,-0.027954796760111,-0.038685509743419,0.0109715271065695,-0.0885225043583351,0.00179703441216891,0.00944308714933998,-0.0348395287540193,0.0382326842925883,-0.0026700990943453,-0.000762999560895846,0.0554346209714374,0.0664486662467,-0.0809438056877569,-0.0433406714076825,-0.0163571171356022,0.0540426355350137,-0.00522895261026624,-0.0110219324582674,0.125807942101266,0.014826106051063,-0.0304095213021506,0.0305916616339314,0.0158685112905019,-0.0877807526839925,0.0310488820034919,0.000736163713500985,0.00402290286383488,-0.0244095505762496,-0.00410712632365315,-0.0900782130416293
"119",-0.0681416508452378,0.035110502723095,0.0192980298756432,-0.0158791029168004,0.0236524942076173,-0.0615473922796492,0.00525107263385893,0.00811459786481018,0.0190010930585541,0.0519395828881903,0.0129197691554329,0.0356540082548101,0.00962535157198204,-0.00175493612569967,0.0341047141490143,0.0376919685347666,0.011444699020932,0.0195838273778664,-0.0299469172128161,0.0631747425770919,-0.0107135200403391,-0.00231390884425075,0.0815514843230242,-0.00306664900624468,0.0156307986087308,-0.0130377692791748,-0.0624430394604182,0.00657232254246103,-0.0894912708871218,0.0193984782506115,0.0852547860434252,0.0868063471104115,-0.0292356037355125,-0.0137046180856441,-0.0459342501113682,-0.000180847743145432,-0.0602048628683047,-0.0165749880343791,0.00179733862367736,0.0163387793150243,-0.0180920535810336,3.91087678084713e-05,0.0117486406547766,-0.0664708060843934,0.0335469426441724
"120",0.0276134816635236,-0.0190265598232749,0.0301562686880308,0.0366688304811935,0.0309330037465088,0.0377877155942173,0.0325204288595725,-0.0400176598610401,-0.00939445542336019,0.0176062634758343,0.0644188856933927,0.0240141457487546,-0.012739096518075,0.0623559539777628,-0.0241615750583047,0.0956316197637682,-0.00693963306967447,0.0197115086932078,0.0144983641030696,0.0889766739101059,0.0200620773906907,0.022237768633548,0.0581145731909167,0.0274367071169353,0.014243521438826,0.0425064555280285,-0.0461206146522964,0.0326483051513841,-0.0275280719830102,0.0736771383585573,0.0119845229785957,-0.0102931469047156,0.0101615933269025,-0.000286153482613381,0.00760085981101523,-0.0426007381551008,-0.0247418920829722,0.0829985193618037,-0.0524288380440983,0.0713884031855775,-0.0172598433782074,0.0336541762397364,0.0747112798975341,-0.00176271154179253,-0.0349191608415897
"121",0.033318472234946,0.00787096843882073,-0.0656892763333215,0.0202802888926288,0.0109127543869053,0.0359325538992884,-0.0201022480786389,-0.078658787167088,0.1109481329611,-0.0480809200256124,0.0808946629597648,-0.0625980730101992,-0.0158303597005601,0.00698808667575941,0.00832573101633104,-0.0059470384209341,0.0479807626965005,-0.05165541390499,0.081041812886547,-0.0246667435532158,-0.0312629524696293,-0.018906055613356,0.0453827761139966,-0.0271530280508283,0.00159284918650726,0.0637765157489047,-0.0324188713587287,0.0857330594184667,-0.0317878338202478,0.0772421317888165,0.0663936939375982,-0.00127597024783335,0.0425492380992257,0.0182922459992688,-0.0436036114619537,0.00328710165452994,0.0294617845698922,0.00659021782618016,0.112444999224642,-0.0239570379329531,0.00818450997548806,0.00828149280841749,-0.0916105540028737,0.0177151633309666,0.0180337645674478
"122",0.0683846701266223,0.033936167896216,-0.0325506917909745,-0.0348537481709599,-0.0359139444312981,0.0423732746366787,0.00249115311316479,0.0160686775054966,-0.00506892236532197,-0.00998043906490328,-0.0112170555760024,-0.0783813356275623,-0.00995272085398905,-0.0374271468854371,-0.0518285759279955,-0.0922573326855725,-0.0513434664548639,0.0132351546708958,-0.00145798947768202,-0.108294292465746,-0.0535508433938654,-0.0896350508250475,-0.0564529151613826,-0.0895161256563916,0.0186261141096127,-0.0760457423642665,0.0891400579111644,-0.0454770431103146,0.0787871791965452,-0.0125325872098492,-0.0124727687823105,0.0405467716516046,0.0104452125013743,0.0247784180291693,-0.0234745900913229,-0.0194192548016653,0.0535160766659235,0.05489588386513,0.00444387853481618,-0.135464457881781,0.012396249826471,-0.0116416506782328,-0.0405094900300894,0.0592295522086296,-0.0129298786521412
"123",0.0163148481584145,-0.0177362976051141,0.0323730126768665,-0.00987943393040042,-0.000753209637952637,-0.0231868760014862,-0.0327701890974291,0.0716280973638162,0.03327744695618,0.0767783708300353,-0.0370147765418642,0.0383280042032008,0.090325982558563,0.0209481394809625,-0.0379138839404868,0.0531140315526548,0.00504039701229576,-0.0253811327519218,-0.0234724374057709,-0.0198326133082844,-0.0464728666650498,0.00774548318628858,-0.00633628060814372,0.0149742644655309,0.0400555943415582,0.00363260697276985,-0.0286344335437,0.0094553776518605,-0.00864913474488177,0.0587108125979198,0.00264071406737102,-0.0541096352167607,-0.0108398384112678,0.010110184369279,0.0333681756649763,-0.0119772394597498,-0.0251297440855412,-0.0391198435258794,0.058856638712919,0.0680398544757443,-0.0773766173263738,0.0400653259466674,-0.0213025878619859,0.0648379282897107,-0.112192881651188
"124",0.0651029215669274,0.054523253425085,-0.0118390392018695,-0.0401497156569086,-0.0104801934375172,0.0485610359691047,-0.0185946066387863,-0.0468366316175282,0.120290496988258,0.0386234080355108,-0.110878569695561,0.017930094190991,0.0439921382396765,-0.0481644409551189,0.0109570139916855,-0.0845323783682547,-0.0540548863192605,0.0549113406646696,-0.0289389470017143,-0.00813335430413362,0.000345968286139184,0.0816969057062054,-0.0749344730839446,-0.0497410324497963,0.0281563872800499,-0.0508293014780348,0.0254867320259654,-0.0771023546112325,-0.0629619823311538,-0.0981372337623103,0.0471475170056701,-0.0425270616060125,-0.0353259158765893,0.0580695183742349,0.00517197104087435,-0.064045852234363,-0.101813238760174,-0.0508217984954349,0.00869175871389898,-0.092882946510851,0.00431404308594275,0.0142622801754074,-0.0420903881994895,0.0158407992092436,-0.0668374538369022
"125",0.0160775686899142,0.0566613854932297,0.0477196911199813,-0.0174436989633443,0.0319566391428046,0.0512449512830788,-0.0328806615384974,0.121923805424969,0.102123433254909,0.0805307068181007,-0.100844464532566,0.0397381930650356,0.0844914448683776,-0.0482538560504656,-0.0941584442955056,-0.108404377753598,-0.0676384085307701,0.0840325113107189,0.00531393054255587,0.0295693456303867,0.00285472804032121,-0.02430594509856,-0.0122703031080842,0.0226142663165779,0.0642224616201975,-0.0547201950229112,0.073619522149153,-0.0477411187451924,-0.0753486220406276,0.00469515457359838,-0.0272065625647625,0.0863334180931635,0.00470502312976335,-0.062219293297553,0.0322736588072413,-0.0463151665135303,-0.072714640845838,0.0743672322472966,-0.0452735690497058,-0.0498096961694148,0.0568929794900248,-0.00571141851603619,-0.0102647113380721,-0.0263054562742275,0.0270351992357841
"126",0.0472322814824979,-0.022909324829881,0.0103523024282135,-0.0280235882013493,-0.00408713181090756,-0.0480069255933592,0.00558101062991553,-0.0226739497603568,0.0321336651244842,-0.0413798780693075,-0.0268732023339502,0.0159321874360601,-0.0561860688429434,0.0570827082062293,0.0633019416294794,-0.0703164080463772,-0.111346208959069,-0.00464103311210147,-0.00326221774600766,-0.138873698129508,-0.0258714276799039,0.0560157008887776,0.0132104320880571,-0.062494886326113,-0.0267003630819663,-0.00406597897321837,-0.0108811951036543,0.0106690407069455,-0.0051012575994289,0.00254830493048076,0.0216533460868143,-0.010616226750803,0.0511951091888785,-0.0246858645424513,0.031485289179328,0.0197209652717548,0.0396779449884044,0.008303154371446,0.094489485941977,-0.00307581052014637,0.0769085275303301,0.0352410491987822,-0.00559605293090826,0.0344353595415164,0.0247439716357237
"127",0.000694130507993568,-0.00944721103382038,-0.0488879555444127,-0.00314191948332651,-0.0445879742905273,0.0432464565527854,0.0617339369110781,-0.126463761701001,-0.0382771266702899,-0.056227419278473,0.0454728888643652,-0.015029115984892,0.00777610755150966,0.029880801371681,0.0122366192855949,-0.00977038460903248,0.0376055103674597,-0.0377316936862865,0.0532303395103489,0.0745057100998503,-0.0585792626321816,-0.0459614930225403,-0.0839123676747064,-0.154859615380596,-0.00623507740796772,-0.00515949493814633,-0.11029116162139,0.0302406915973318,0.00625879075222862,-0.0660478737291776,-0.0513797745847569,-0.0371334846193598,-0.0128025801208322,0.108254781111122,-0.0066575540543897,0.0609754150095778,0.0651393429495867,-0.0155033197024812,-0.0331670560015457,-0.065386648494233,0.0131064423780002,0.000247683877599988,0.0291854371459833,-0.00671367912953986,0.079317704789986
"128",0.0325494158973959,-0.0108911057140651,-0.0388342789579607,0.00792715816651422,0.00964652778424359,0.00394295713223576,0.0675733267711802,-0.0200366422459915,-0.0622561654447149,-0.0759820727802631,0.0414641966012423,-0.0519075423121317,0.0717762230577979,-0.0460647062465475,-0.0462394936390341,0.0533960242577185,0.0357593646080882,-0.0984308060493353,-0.0190051974668355,-0.00719768296593108,-0.0785053596423218,-0.0745011543305657,0.101091890363433,-0.0526365854908891,-0.0201112406472706,0.0697554697333902,-0.0267786877265167,0.0778218928820688,0.03404380852553,0.0829933413850015,0.0373558572066049,0.0298452595565197,0.0614961131855258,-0.0120518520256963,-0.00535144134384216,-0.0108780891735399,0.0833508668133398,-0.0188289063235815,0.0231049070713511,0.0363681833274745,0.0425552169266996,0.00346767673642743,-0.0106915232998748,0.0532168017509266,-0.0785105894840397
"129",-0.000721284158704051,-0.00337814650490237,0.0188610554761232,0.030564159006262,0.0126825110565291,0.000110248639235746,0.0168470846195201,0.0432963077326407,0.00148792025288384,0.0207944874316542,-0.0145786897234362,-0.0402220939143392,0.000726502349805614,-8.15216271061198e-05,0.0302676429977428,0.0486067313041241,-0.0253348727645752,-0.0224202574407099,-0.031343492731354,-0.0483417175214459,0.0117142864117885,-0.0142811314313511,0.0925570324096464,0.0411860017593518,-0.0076893300224797,0.0100293779523182,0.0330186650616651,0.0717864989306271,0.046970778426403,0.0693302034038266,0.00931576563939971,0.0020544410596223,0.0665298185916985,-0.0218028154471969,-0.0169809852605791,0.0181181330831915,-0.0204382111854493,0.102409723205391,-0.00256433029883033,0.00722987333873071,0.0409762095730928,-0.0124985187660002,0.0110702055311479,0.0485614618644965,-0.063606795403478
"130",0.0734970797066674,0.0434709073544046,0.0354010652938924,0.0318400378865643,-0.0156172379156512,0.00931452711795337,-0.0250789550951149,0.0865491466000684,-0.0150315705321083,-0.0316781469023047,-0.0548735808430179,0.053397841883668,0.0221339797165785,-0.027182955658465,-0.0196100675482853,0.0671889887502551,-0.0331658119452989,0.0647844493613493,0.0458005200905364,-0.0156524358768065,0.0438799648260753,0.0802075269065027,-0.0578144951651629,-0.0129102521871061,0.0971086329694429,-0.051036952859628,-0.0590941796823293,-0.0468244979495461,0.0780980913272691,-0.0202505983511213,0.0358007633615417,-0.0194733026971413,-0.0727130825184603,0.0554523852044396,-0.0624926643179816,-0.00719857542147038,0.00589786209598939,0.0151055600409818,-0.0530967512064841,-0.0469110687887666,0.0143101241974869,-0.0175230900770084,0.0157026661039457,0.0104715832996303,-0.0982873822373218
"131",-0.0372192158963154,0.0107683611274536,-0.0167236014193322,-0.000848771894559635,-0.00677789539387433,-0.03741956479094,-0.0311968802771293,-0.00014377744717451,-0.00991433746123856,-0.00947249154226323,0.100707786976199,0.00167352972212397,0.0580797376827877,0.0108153068178652,0.00891324263208089,-0.0803753373381755,0.0318605387124258,0.0286074439982397,0.0300746410132244,0.0225336622154828,0.0186143880806845,0.0370032200675352,0.050621424485678,-0.0107963471457697,-0.0461225749208287,0.020606440790153,0.0204125897158021,-0.000295484126748499,0.0931074607219085,-0.0278082868717488,0.0655327563949335,-0.00134595621995027,-0.059558735530105,0.00611823884356092,0.0517041967440406,0.0239954478434699,-0.0166090439036599,0.013179776880315,0.0683294690005112,-0.0228927179995379,0.011852163449667,-0.0340678364290796,-0.0200702802474823,0.013276610824543,-0.0820125300317073
"132",-0.0483783968699524,-0.0211652354255436,0.0338823272069926,0.0229730902595086,0.0305586695287703,-0.0833958995148111,0.00303466943230697,0.016217229626322,-0.022651941151122,0.0427078032281979,0.0590413622338419,0.0415355249459081,0.0858611206945943,-0.0122570219348426,0.00149856178939224,0.0537530626434978,0.0170318440166728,0.0840785405009444,0.000910074092621692,0.0205866429129512,0.0581172320256925,-0.0284191613191467,0.00547675088630305,0.079399546954057,-0.089298458367223,0.0315979262369623,-0.0764861969803973,0.01793989239526,0.0504414105830532,-0.0289488125891087,-0.0348895158806088,-0.010018851114402,0.0198703200153509,-0.0452701751446844,0.0324680907268127,-0.0441783237865355,-0.00441433848905268,-0.00223259277240877,-0.0373248434171501,0.0397005032448201,0.0147312272411466,0.0258286505427083,0.0504334512633475,-0.06318628945452,0.0303479936321678
"133",0.0496544820945071,-0.00438558810199914,0.043674319650911,-0.0124575783827662,-0.0285264833887252,-0.00424473639523799,0.00401216124355743,0.100912504010638,-0.0374958146347757,0.0136010069558777,-0.0994926900471856,5.72562039986126e-05,0.0103647531244939,-0.0296985974221136,-0.053853586836475,-0.0201069188995179,-0.0459825555945787,-0.026453894905322,-0.038753531012513,-0.0636393554509719,0.0440903030660255,0.0238842069231994,-0.0196999919607145,-0.0813374498891455,-0.0575674102951058,-0.11743798080312,-0.0246285299029959,0.0132224149443771,-0.0694011187646631,0.00620803889296425,-0.0898966720350371,-0.0810790517410297,0.0530634330267194,-0.0331147152426975,-0.0821376901240852,0.0195232797747035,-0.0336739272410818,-0.00160285389534071,-0.130603495210071,0.0542622661503978,-0.0215216920036587,0.0677966236704998,-0.0192301929076104,0.0405247938048755,-0.029975165168157
"134",0.0665202196907151,0.0535573524176726,0.0127844418174148,-0.0418531613116777,-0.0143285065397839,0.00044889089814883,0.0470262176081741,-0.0216386159157899,0.0564825903381771,0.0261375839225817,0.011234555171965,-0.0176639635592276,0.0115552746849551,-0.0338051535780693,-0.0109469573275123,-0.113335535451253,-0.117643568446386,0.0648950313028673,-0.0228343444618652,-0.0681813175213839,0.00757543464097053,0.0221021006923056,-0.0196127944471045,-0.0605603383713025,0.0564309458890933,-0.0694267198111541,0.145097824106097,-0.0587844648737213,0.0662853891405578,0.0438414330675589,0.0157829305689491,0.0204171896462211,-0.0537265402517305,-0.0887887345515042,-0.0311365952229228,0.0316954654431159,-0.0567582750522066,-0.0787607823427246,-0.0480109434472698,-0.116217590005128,0.000339232595874135,0.00775640359995383,0.0304759078902065,-0.0416033565417138,-0.070685507949201
"135",-0.0419392140511426,-0.0505738275266979,0.00809173355948932,0.00283111531449717,-0.00314876364501997,-0.0146541225405641,0.0336266750689137,0.00893739202437387,-0.0110529798659957,-0.0413698566079508,-0.0154410928892413,-0.0608380988030636,-0.0153620259696185,0.000903949611735653,-0.0705844096139434,0.0550245970091881,0.0508388823039873,0.0715488811427565,0.0329744405531425,0.0783582557552742,-0.00538718375374578,-0.0352515369019131,-0.0282238852430867,0.0995883114728972,-0.0376118751762891,0.0959027664316988,0.0420092102309824,-0.0586494674537263,-0.0442322841952001,0.0573031289509941,0.00053785786031863,-0.0381775813626232,-0.0260626282270864,0.0400137000567725,-0.0114045902905859,0.0111449003881807,0.0199160648675282,0.0931332170309157,0.0558958689171188,0.0442386861206082,0.0508934942835127,-0.01621219602945,0.0496064086902546,-0.00389681407787574,0.088427702201832
"136",-0.0682317103641069,-0.00923870983210815,0.0253851454478608,0.0562289330677014,0.0184028594384781,-0.0676782495531688,-0.0245013607214174,0.0924876419787042,0.00763183620485418,0.0117887738289502,0.0369574596543835,0.0210597723090543,-0.0603719019572377,0.029081234861556,0.043194605663254,0.109700919147367,0.116259300522843,0.0717615347161762,0.00790588892447908,0.00403614332445146,0.0912838551360817,-0.0350423846144181,0.064779835009059,0.106809764297261,-0.0169095111421924,-0.0123406518116783,-0.0433051870813827,-0.00909451868494613,0.000603205226082702,0.0681963042272465,0.034279645218079,-0.0258622471803646,0.0304297825904001,-0.0796746172941268,0.0342389640932005,-0.048517452084286,-0.0363064663508453,0.00643212388192041,0.0170882375271076,0.131264040001364,0.0456805567075654,0.0187259046779164,0.0737066352686374,-0.00110833228717285,0.063091481321315
"137",0.0162146448748537,-0.0288041153007175,0.00645448651168241,0.0122403592014848,-0.016380721220514,0.0401981643827495,0.00992414483268707,0.0206225981185222,0.0389905144228038,0.0208708925616269,-0.0728395079360517,0.0292351506268372,0.114116579043917,0.00126896618649745,-0.00195984148214351,0.0269168869298612,-0.046009940568034,0.0231285019108452,0.0225340986044718,0.00649211998161937,-0.0117289687550079,0.0528122778678598,-0.0318564215149396,-0.0239650005715343,0.0126571694574639,-0.00127107164972697,0.00238126410492906,0.027179533447284,0.0111702728211967,0.00706130131840405,0.0361277618635797,-0.00264190047476537,-0.0354873859432338,-0.0280425827174521,0.0350477042451816,-0.0574367974152688,0.0978583120282637,0.00182310073114968,0.020922782286763,-0.0407113814044422,0.0339630402211518,0.0551618156581356,0.0429485386703431,-0.00168783418008988,-0.0416463595971485
"138",0.0774552383103728,-0.0256949739618111,0.0219232977094913,0.0365295277565161,0.00952918248615154,0.0419319550371752,0.030380563341755,-0.00949672988356052,-0.0998523108838381,-0.0135816012029252,0.0113411095601846,0.034948733499876,-0.0312341608541052,0.134111990757365,-0.0169849573864095,0.0401051987938961,-0.012435053419659,0.0227079912404049,0.130999840263208,-0.111179225734151,-0.109391252233789,0.05433988655221,0.00629275324449776,0.0322186735644615,0.0332207263733739,0.0152492794030835,-0.0447888872492943,0.037843896705058,0.124859997299229,0.0167255518802046,-0.0136765965475575,-0.0101863522075911,0.0325145084387504,-0.0350606483594308,-0.0406859346929564,0.068580656878218,-0.0219043768874941,0.0211460067719315,0.0191342188462632,0.0372971107971738,-0.0587210979490573,-0.029507590909467,-0.0114487308773189,-0.00126870972326659,0.045641317795956
"139",0.00376943502264211,-0.018557516749325,-0.0545050138885087,0.010439291252918,-0.00162180432423792,-0.0357876958493537,0.00451131425515049,-0.0300392251768165,-0.0429987387171366,-0.111659040862452,0.0379788272649073,0.0125939168260591,-0.0157588394770953,-0.0534482445700092,-0.013450174397823,0.0563012643915961,0.0769976300240145,-0.0659641563967769,0.0463206280392756,0.112524888386818,0.0439568150750188,0.0171233380994044,-0.0510091530439163,0.05532124639985,0.0175097900444774,-0.00122854209843345,-0.0798226514108349,0.088570934787576,0.0412334737622315,-0.0246401556719319,-0.0846322232372833,-0.0861351304884046,-0.00357475284877703,0.0547806382417457,0.0186010996342575,0.0623303263907422,0.0914478616210493,-0.0657456155548729,0.0147218448403988,-0.0294470129927521,-0.0327567023687422,0.0571140650868628,0.00426896516820429,0.00809529446483207,0.0255831592816841
"140",0.0367028204784298,-0.0173679554152072,0.0301727547610267,-0.00103526915884605,0.00893514846358393,0.0358790232814225,0.0162632294941247,0.0294123847451273,-0.0897814032069448,0.0126978835397859,-0.0549795188561318,0.0108481074831667,-0.0759971431064975,0.0152368647175788,0.00886356913245919,0.00719906520592239,-0.0273189957742723,-0.0294171215815558,-0.050178650284105,-0.0402689341756897,-0.0374290473403772,0.0767130427062719,-0.00510526355822617,0.0899014735189761,0.00722543176623528,-0.0397411729897144,0.043364757664787,-0.0455353459729389,0.053227327367923,0.0264035365769288,0.0229890340442012,-0.0522497520705676,0.0444142253185028,-0.113870758097688,-0.0549001994867551,0.0297237831130537,0.0672222290980294,0.039952028580029,-0.0139039269568954,0.0443288145303811,-0.0435976433444357,-0.0659963862834887,0.0205713820494094,0.0242754958589638,0.0219360983016052
"141",-0.0188959390803386,-0.0103788349948617,-0.00216479486243292,0.0382079582415587,0.0272645475497871,0.0274500227038825,0.0303254130404897,0.0440623161389904,-0.0307242916528972,0.00346067793007887,0.0614230633962638,0.0563373022238342,0.0314094537586481,0.0243951419066985,0.0559535342029031,-0.0212289503171336,-0.0318639215423624,0.0103341056408655,-0.00450057031980391,0.0397467409333812,0.0917040542767746,-0.0242662640462629,0.0221956888457264,0.0387386712971027,-0.00447006042419038,0.0236794164686449,-0.0840755197040128,-0.0261049067072645,-0.0144560382835458,0.0323414640581868,-0.0162917348932498,0.084375920978312,-0.0750947184622813,0.0547599024490213,0.0483275591016349,0.0112856023736085,0.0318899586438907,0.028438519192437,0.0106128941671502,0.0732757550303831,-0.0153121823911858,0.0859197934590602,0.0103204118490165,-0.0227587401081722,0.0796032298087042
"142",-0.0407471396343759,0.0144040404941634,-0.0440239218961156,0.00642891587949747,-0.0187213405199248,0.0158114073747528,-0.0153031794058162,-0.00547754974335483,0.00396948295919889,-0.0834450950754263,0.014552133339078,-0.00486309328115871,0.0578655932977759,0.0427481037917819,-0.000545050455929175,0.0146543642385175,0.0574568320694225,-0.0995428603088056,-0.0274066128429556,0.0624818573918218,-0.0394586932928761,-0.0687397472526609,-0.0119315165127384,0.0202830706346672,-0.0497000121329624,0.0495782905429448,-0.0239783851544853,-0.0327221310238612,-0.108559577664014,0.040032912723527,0.00602712494829384,0.000523003507017832,-0.0148685709713004,0.00729009378065473,-0.0151398391939006,-0.00503007640330586,0.0367913107361337,-0.0226236160997917,-0.114251775456036,0.0443156150581855,-0.00776224455196754,-0.0550997264695132,0.00648022926786717,-0.00635877599591744,0.00624403927519132
"143",-0.0389915020445905,-0.0252503608634183,0.022600970873832,0.032161452814384,0.0389576441778056,-0.0401038622999637,-0.10493833015906,0.0108736965779748,0.027152302510934,0.0321013594999584,0.0291152226910726,0.0516606073138907,0.00446889498205772,0.0868350685706728,-0.000731638188003852,0.113085563724003,-0.00544298424687209,0.0309120805846489,-0.00778570972870284,-0.0197894275354314,0.0858773812915591,-0.0288139889957095,0.110323647100652,0.0114694536623476,0.100535677865217,0.091819720844436,-0.00503694411815374,-0.024659603536554,-0.038711166837553,-0.0790324769825002,0.0233394329437636,0.0789287200333899,0.145105483311654,-0.123090604466425,0.0774854306222482,-0.0393607393798485,0.0314982875416625,0.0644141618256422,0.0474326366181116,0.0665976836428555,0.015204741693224,0.0641226437372346,0.0427807556297622,0.000964225895783204,0.0550394461884003
"144",0.0908823545613908,0.0256753140142486,-0.0225492187624968,-0.00406405740711224,0.000567907673920578,0.0345322370109165,0.0281578460871226,-0.0870980203050671,-0.0385988221643676,-0.0785046404281062,-0.0504894815393479,-0.0218591299092671,-0.00931564876808478,-0.0239200881867641,-0.0101040148899463,0.0420407490230304,0.0230106512340585,-0.0548411358239746,0.0473117609749863,-0.0951298374203474,-0.0232527750842495,0.0604456072140606,-0.0375184417729152,-0.0742470448586691,-0.0109856856113592,0.0597713431753911,0.0100197438005927,-0.0290836905130318,-0.00727851707061755,0.0348312553315686,-0.00294442489164822,0.00161421027127614,0.0186068992923029,0.0158874950637884,0.0134255341256436,-0.06944841971239,-0.0145620097846736,-0.0116399422611044,-0.0741397735467702,-0.0563715703734507,-0.0173767896900396,-0.0126153064247737,-0.0137341922605868,-0.0107651502832426,-0.0102515575934917
"145",0.153445570199987,0.0507346466562106,-0.0256371115448775,-0.0137894225326428,-0.0269919051699949,0.0137654426758549,-0.0790313071810452,0.0888965213230279,0.0302777134803718,-0.00680860708099567,-0.00477448851081614,-0.0542806868084862,-0.0148927789798036,0.0262003848977643,0.0284665748433029,-0.139164558338813,-0.00782255156171595,-0.0929815015360375,0.0397994848741602,-0.125593613283346,-0.087763737923338,0.108795470338666,-0.0869727086746016,-0.119474897875327,-0.0184955008574282,-0.00763975652130023,0.0001920607189635,-0.0680992059241772,0.0589267746083546,0.0258972502064816,0.0817942401838727,-0.00399536580312098,0.000491216758315685,0.0246360415301407,0.0216413814525894,0.0638131169542522,-0.0373761990680204,-0.0760587823336724,0.022506813753564,-0.0197028386389407,-0.00329432209139594,-0.0159228719925005,-0.0427807993546757,0.0258389339087111,-0.0956285084193144
"146",0.0540429941444968,-0.00602429067370912,0.0519068196586482,0.0419773941113521,0.00369818245703979,0.0141699304353326,0.04582881889493,0.1214783961163,-0.0115897049853962,-0.00282621545399653,-0.0620022839355428,-0.00460734267007877,0.00418082136318104,-0.0393256097641607,-0.0659424278659143,0.0520495354047691,-0.0860312728917763,-0.0737035229892068,0.000906905295107906,-0.00729026933416255,-0.0980811721247108,-0.00539143233495495,-0.024174706935409,-0.0273080223368687,-0.022706605887666,-0.00369676771885838,0.0146469280929097,0.0182903500151905,0.0747105543728666,0.0696174793374666,-0.0949116358836447,-0.155707017506436,0.0447057575358818,-0.0615432318136578,0.0537434108303361,0.0210976886386571,-0.0764573697473457,0.049380267221613,-0.0231156772419978,0.054678740583041,-0.0517937855907363,0.020015508008664,-0.00831461380871195,0.0327844559860964,-0.0772868980098406
"147",-0.0317708084064215,-0.00914868611785852,0.00881322549285701,0.0321877969098239,-0.0257710515781482,-0.00530330918460795,-0.0269727508391075,0.115891016997365,-0.110166011208453,-0.0601591960599067,-0.0211383824350875,0.012947891244293,-0.0144184008131666,0.0333566126531279,-0.00953319199406601,-0.0361508609489863,0.0307603619797396,0.0238397838663536,0.00811706432223207,0.0520438325193692,-0.0210350653339868,0.0270586475557856,0.0267827066707292,-0.000920976503527609,-0.00810625103898358,-0.0281884897540438,-0.0701894106006955,-4.61106330759886e-05,0.00652542397145583,-0.063001335166702,-0.0407720935117855,0.0233144067863525,0.0421640044914718,-0.0758180141861491,-0.0585158725023936,0.047956793114454,-0.0243735457328252,0.0162617258249563,0.0681353357517442,-0.0350159642292338,0.00110825910994267,0.0243360033710179,0.040484523319044,-0.0184141161146896,0.0220927951345142
"148",0.00908628259412921,-0.020316737927054,0.0299486274524479,-0.00874180917407728,-0.0194258434883563,-0.0241818465250565,0.0418197311021853,-0.0470050032467912,-0.0417548644176678,-0.0263409343706771,-0.0526205715889292,-0.0251001388894758,0.0464472350590811,-0.00524980677197674,0.00798283704501189,0.0231139965636756,0.0179317312946203,-0.024636155094559,-0.0302034377753888,-0.0435826881742234,-0.0299680552007689,-0.0309223627678081,-0.0939564594733047,0.0275335681567757,-0.007316206395878,-0.0916111046522488,0.0197293245500385,-0.0628835802615013,0.0350487251475118,0.0508660967888267,0.00571433490679987,-0.00183402510393897,-0.0515139244191825,-0.116543461662201,-0.0301108047867076,0.0804336712760317,-0.0133822243486384,0.0443146872719267,-0.0378808565389226,0.0520999576664749,-0.0155696189965054,0.0295899991346199,0.019797264513661,0.028221159542002,0.0445487173837094
"149",-0.0425809775213532,-0.0161375724340981,0.0532494689762176,-0.00574683752953579,0.0112062970773099,-0.13358177599062,0.00216809425748246,0.0864389054373526,-0.0366095294411016,0.0131524480598611,0.00563699467365973,-0.0129102938317613,-0.0261861500767493,-0.0316653778798096,-0.0125742782433045,0.00979268096790952,-0.00247293429838852,0.0517663072567408,-0.0552082939464875,0.033463287041133,0.0788279290337039,0.00696471351050645,0.0645953698369673,0.0917772887801334,0.0108196150805257,-0.051419716188547,0.0644300130263162,0.0260416617454188,-0.0510708933199104,-0.00997675276699416,-0.0533997297924267,0.0416736350259939,0.112969595758771,0.000182060944003973,0.10620210591494,-0.0453273320045967,-0.0326217859227464,0.0334649438723692,0.000686588893478076,0.0911669643578222,-0.0372392764793045,0.0375989160364932,0.00471644055730584,-0.101642318271721,0.060408256951582
"150",-0.0483908869508959,0.00977276468371006,-0.0559028914182041,-0.00343155185118255,-0.00154367967564388,0.0996225231179325,0.0761256703342647,-0.0424884359733727,0.0868803511820572,0.0265902885621852,0.0355757668490957,-0.0415462848491266,0.0783712277970203,-0.0509936092816408,-0.105344297091007,0.0163909631486842,0.0157959107956706,-0.0990269543404852,0.0651013602073887,0.0346691704322542,-0.0184212281795784,-0.0257653653591918,-0.0437537345580311,-0.0191631664652581,-0.0462646650937935,-0.00170149627437589,-0.061210800626502,-0.05082085464815,-0.0215235162494825,-0.0813248496072243,-0.0125539033320389,-0.0054210747085329,0.0574548464623321,0.057683809357584,0.0152963035449401,-0.00793993937181473,0.0970761571218398,-0.0056950958268134,0.0709472479159177,-0.0155629163510729,-0.0155493455848497,0.00792736480887163,-0.0632856063701052,0.0747907077639256,-0.0323590850102077
"151",0.0445449340719933,0.009038431094638,-0.0184434037920843,-0.00509743707927147,-0.0274818829516485,0.0164765223105278,0.0125810528679646,-0.0616684513050522,-0.0483196763811452,-0.0201854858429122,0.0170025213489223,0.0923848683120479,-0.00732985987302635,-0.0135379504173942,0.0196166177949849,0.0190763587190519,-0.0262678351452265,0.00661254556946671,-0.0174973393802518,-0.00550606255118469,-0.110075651250225,0.0106299491361443,-0.0146281213687375,0.00968888926494676,-0.0154547337890708,-0.0357375180021652,-0.0402272493296477,0.0395546574198333,0.0286076698146914,-0.0394564829462517,0.0452612686399615,0.00160166552720493,-0.024958896943049,-0.00513890742096527,-0.0203736305766702,0.00157799652116895,0.0441254367586762,0.0685061480331089,-0.0298259688197468,0.00648093499950204,-0.0265497472922865,-0.0261981767908837,0.0340321756820322,0.00632125138358654,0.0363175097819242
"152",0.0959377768506973,0.00099992996738526,-0.0425611464753051,0.00144468229306679,-0.00302965200801059,0.00760273852576756,0.0639949676673471,-0.0985300579848911,-0.0574515276722099,0.0022557361717157,0.0285709109521629,0.0432722385312666,-0.010583628729976,0.02590844911929,-0.000928927606223204,-0.0205187044001476,-0.0429014955439845,-0.0419712375575598,0.00198396542645892,-0.0323088195358139,-0.0628843525043879,0.0532254534858005,-0.0625182714357256,-0.0354977304644635,0.00343773421761371,-0.0183656289575954,0.0375104816648089,0.0171863927319265,-0.00101936568983576,0.0628030633145676,0.0219109165502078,-0.0518229505416191,-0.0149938167721601,-0.00672328947449979,0.0570095193332501,0.0429502096529263,-0.0586037907953375,-0.0571144895927027,0.0461690348888655,0.00289045895037009,0.0184871937047437,0.0243866517360683,-0.0329462370017459,0.0234966559048264,-0.0443136963612461
"153",-0.0161403417602808,-0.0164544114075252,0.0143549049700735,0.00777147902202288,0.0209596322179142,-0.00212869663643939,0.0235704436559388,0.127105322658998,-0.0284482506456687,-0.0128031308760102,0.0297548797950365,0.0282479556018523,-0.0482239149009189,0.000332815477370992,-0.0685406305643981,0.00528203180942679,-0.020449769635486,0.0378454245097691,-0.00674955411557652,0.0019769991520989,0.0780331751290455,-0.0504559312596279,-0.0287810290269245,-0.0190873030851427,0.00684516329704038,0.00570164009066244,-0.0105586279060374,0.0260239203992602,0.0268182200970627,-0.0030793905238129,0.0544551409376727,-0.00680510091969785,-0.00202444371055391,-0.055860463665785,0.0304944866415536,0.0609933772601579,-0.0713195588418414,0.00586485839290169,0.0673809353544875,0.0336103511838924,0.0354575534274554,0.0409279419008112,-0.0187698098320531,0.0180207858636487,0.0288483459872483
"154",0.0590897512171392,0.0385685475202143,0.00641498658811392,0.0234200399333691,0.0260798813062322,0.102710425934394,-0.0429539577313298,0.0336717491718297,-0.00913950803678523,-0.0413805971335796,-0.0477372773475805,0.0348575812641614,0.062908163047393,0.0130802457853245,-0.0181572260217924,0.0741842211058124,-0.0554496792030714,0.00277871903606144,0.00965679323366966,-0.039838189925084,0.0356411640116234,0.0707396071605614,0.0338200510913805,-0.0819803972051404,0.0189811382779053,-0.0672172408334769,-0.0137921569504897,0.08732034538298,-0.0784715414636075,0.0809528958973129,0.020463793664044,-0.0858336295618021,0.0582758224768689,-0.0170015369795392,0.00206686333706796,0.0137546867834824,-0.0589389304798139,0.000609183753140744,-0.124032480548516,0.0308783123465434,0.00779327217318179,0.0439717826927539,-0.0473338266693972,-0.0088190230065958,0.0222022302741799
"155",-0.0144192805100319,-0.0053125077161628,-0.0267573857331485,0.0184167032774142,-0.0209062405133487,0.0384789460970883,-0.0167507741215644,-0.0709314848909243,-0.0852962457200378,-0.0496936288095307,0.0115447674153572,-0.0390940360761286,0.0396810118592493,0.0120271317533007,0.0663058594249041,0.0184929552421886,0.0715761801252134,-0.0877136294810953,0.00458101576260809,-0.0515219456530936,-0.0529308041520168,-0.0154857718896801,-0.0430315793488514,0.0604248376933018,0.0304192995694278,-0.0524470380441452,-0.0676669352992013,-0.003594882741245,0.00582865381548228,0.0526380758487399,0.0168159952154758,-0.0509095206343225,-0.0520609756343822,0.0564961000081111,0.0128375582620576,0.0791742987203331,-0.0460537191309129,0.0331576840315352,-0.00352474578839113,0.0708254655133527,-0.0134812711739241,-0.0114983213656723,0.0241765409693838,0.0277063469776941,0.023023812091802
"156",0.0124529108980568,-0.00213157942696055,0.0194404054229921,-0.00519872054389677,0.0172638879951047,-0.0420950161278493,0.00439560158633236,-0.0229423651809062,0.0544478733937892,-0.00611120861497999,-0.0774255196399327,0.0259674551984358,0.00556459169954745,-0.0627462107968017,-0.0830200280029153,-0.0548748687125376,0.029139479813153,0.064472174727873,-0.0609127418053046,0.0407901876990229,-0.0203467226076463,0.054380579532247,-0.0528730336980334,0.0154620720855263,0.00263847950540292,-0.0203796116654259,-0.0170839520673589,-0.0479930868152617,-0.000487558870544328,-0.030213468678377,0.0247160687411984,0.0543103868656732,0.00302218722087913,0.0550266040250109,0.0216991330136333,-0.0302467067766757,-0.0880110818609938,-0.000238826379008801,-0.0445163171565971,0.0163374988847727,-0.0236144397733292,-0.0526864973052185,-0.0375666076040956,-0.0296971176433989,-0.0159541738102849
"157",-0.0537268205063447,-0.0172624492952048,0.0540224461662606,0.0246554112725593,0.031325263408047,-0.0713622568787484,-0.0179777599955066,0.0385319940457896,0.0436478132370518,-0.0206723644538838,-0.0174361973893608,0.0222810664256976,0.00442203061109043,0.0160637582048095,0.025733006328627,0.0393839937261739,0.0471780690987344,-0.024246960111659,-0.0289023789895315,0.04618304097307,0.0802788688874681,0.0386785564863952,0.127055070686315,0.0531642888029749,-0.0369829923453509,0.0338736937311513,0.0440559469792994,0.01170003545941,-0.0061318725100007,0.01162871985387,0.010869064052157,-0.0094404923465982,0.0409702035316799,-0.0319525809633105,0.0166579874312207,-0.0450765741813602,-0.032679079202817,0.106372965196857,-0.036611673075788,0.0962946716409347,0.0115679427987827,0.0807421057506903,0.0266408458329005,-0.0431844123927697,0.0583062913549532
"158",0.0585860119616922,0.0249087637814398,0.0197138678242864,-0.0239033509918731,0.00157342971443499,0.0806089254702821,-0.00454009227906006,0.0150115120961681,0.0216822861256206,-0.0032802069707125,-0.0622487277180189,0.0408475354484425,0.109471558160537,-0.0605299802388644,-0.0158758816575931,-0.0740121188301122,-0.100893463724542,0.0328030477231599,0.00528058581199473,-0.100197214722556,-0.0269869925455709,-0.0472698418692105,-0.0585295943255767,-0.0568047753236869,-0.00984535513366308,0.0102296271299049,0.0463727651322498,-0.098921717584451,-0.0413368317530672,0.0361702733958871,-0.0179638153812101,0.0380850133894054,-0.0482743917763993,0.0310038087109212,0.049013461368373,-0.0495772281290241,-0.0929166031714504,0.0374913181898687,-0.0848989333244647,0.0290616377934,-0.0480357297719824,0.00141478902677269,-0.080561868507538,0.0166740918177273,-0.0357429033579834
"159",-0.015952436582118,-0.0230581581180476,-0.0297107159571277,-0.00578096865944361,-0.00668339809338358,0.0535904400012536,-0.063438723148935,0.00952641173781024,-0.0737771738075009,-0.0120614250286858,0.135424596311582,-0.0466939727287757,0.0355103477316659,-0.0152576106390327,0.0606063879747131,0.040146679583443,0.0786242858350469,-0.0293085610092089,-0.0508454714327704,-0.0429239659754963,0.0155473273443694,0.0774473026018443,0.0364314143919136,-0.0842194609140832,-0.0779934179737804,0.0836082868854507,0.0383357471104687,0.075905470661474,-0.00337439543413875,-0.0273184522273743,0.0249808918291941,0.0201308425175979,-0.0421264806423392,-0.0129919417824176,-0.0351205088236411,0.049712259071543,0.029810181781009,0.0275935058460029,0.0871880054654728,-0.0279530939859512,0.109396697682043,0.104038195887844,-0.0128311910215791,0.026064989880972,0.0706777766131119
"160",-0.00310044616280005,0.0196369706499796,-0.00699423580247201,0.000671441606395338,0.0166481041861066,0.100439991149943,0.057916339955275,0.00976786824622952,0.0272990323373642,0.0215709757315789,0.016863242501969,-0.0222573059273484,-0.00889369216606859,-0.020797048308702,-0.0583009123738659,0.0118603017559925,0.0351569220796939,0.0108222922138552,-0.0230716368309429,-0.0651208534486013,0.0561747269088961,-0.00769111112224403,-0.00851710856653357,-0.00758472988924692,-0.0213909252635715,0.0299222208195403,-0.017902366340647,-0.0799734022700191,0.00110601112810704,0.0133239055914129,-0.0124187730663649,-0.0701043314024402,0.0388703500775078,-0.00976844092452259,0.0227064481732208,-0.0814770868995004,-0.0820436526906187,0.066169010278967,0.0638593717964463,0.0184636248790589,0.00684876658365223,0.017291908403647,-0.0257064276801818,0.0682033883306244,-0.0539260632069975
"161",-0.0288878013675824,-0.0129975888365933,0.0566782189525688,0.0455835210877031,0.0179401885899351,-0.0177265671422161,0.0361089630582141,0.0147358368107812,0.0147836412890319,0.0691972736604864,-0.0284798756270195,0.120869777225288,-0.00694921178516382,-0.0568703114609923,0.00976124029950263,0.0163095369708282,-0.0436636797469356,0.030936292713698,0.044801906882871,0.064455064398273,0.0623851149272995,-0.039603036335585,0.00172524583834149,0.069092573402449,-0.0162664413168256,-0.0460412025202822,-0.0775458560130179,0.0317725483560231,0.00915010601491016,0.0622622649756061,0.0075326017414348,0.0155460488345585,0.105412529113919,-0.0380074895896845,-0.00437875035228092,-0.0915549654123569,-0.0207991191835459,0.0281451919743337,0.0187949018822426,0.122346797155736,0.0490403266590701,0.0870510373702254,0.136007974204842,-0.0203085986173844,-0.0225463838419903
"162",-0.0454757487681059,-0.019588202027047,0.016907823217396,0.005971646987242,0.0246340915238867,-0.0411625533920595,-0.00844703479512515,0.0433534842612912,-0.00774997600861652,0.0133497238051198,0.0184266909605855,0.0127742785499621,-0.00493216929535737,0.0124249363909147,0.000479434180901194,0.00261004809581448,0.0559000453475371,-0.0116348132757836,-0.0612891410301604,0.0287703250273562,0.00726862163629205,-0.031710390622232,0.0421741012521604,-0.0114249030918022,0.047650300356802,0.00154818385504252,-0.027677376394385,0.074364344473181,-0.0495985304721092,0.0208289858907095,0.0136084558150515,0.0453358508109009,-0.0605015097857971,-0.00883658459274745,0.0135145192324193,0.0170224177917242,-0.021106926279073,-0.0207392112933984,-0.0270899834838866,0.0192352055978293,-0.00995816449808763,-0.0675088562762703,0.0412585735078274,-0.0291579448390315,0.0667763740748236
"163",-0.0394974891170909,-0.00946967303903649,-0.0189232063652262,-0.0041503139019386,0.023352913506791,-0.040956707347203,-0.0285833408243989,-0.0627170680217272,0.0299183640579553,-0.000977997374791639,0.0783631205916426,-0.0767898821870101,0.028675557246628,0.0343816032550316,0.0303934654323352,0.0248118408486747,-0.00318422267254332,-0.0375961767915294,0.0206764967859733,0.0235333577078013,0.0372861973019177,-0.0111438224330889,0.033140327909443,0.00417257395687754,-0.0609926512989329,-0.0232250916819843,0.0813839607676254,-0.000718196533112569,-0.0240013799731078,0.0247175113467851,0.0731220298276408,0.0579907977445133,0.0393814604926485,0.0252736260209609,-0.011453308280265,-0.0291659988953646,-0.00560514831714457,-0.00841228621754193,0.0228318188657031,0.0819219221824467,0.0205824475028306,0.0355705859591211,-0.0492254134132637,-0.024309287042603,0.0713747375243539
"164",0.00600172181381076,-0.0581365897093087,0.0216693917916113,0.0357228123481287,-0.0102279938916318,-0.060451072094611,-0.0139905382481967,0.0088948714428152,0.00376935197004311,-0.0536891168372642,0.0608173224091283,0.0133580889591967,-0.0214421099230942,0.0965412244076869,0.0435893344414414,0.0257065821204149,0.0455968167450176,-0.0511361767694528,-0.0723417817519127,0.0463895821389646,0.138613839636422,-0.00161601724928541,0.00999774976506704,-0.0601790848466202,-0.00945767577995902,0.0272079777493279,-0.0154527429151547,0.0708228249445123,0.0472991017924093,0.0690645591449369,0.0107810261102349,-0.0591412178059619,0.100018112404988,-0.0157216122859298,0.0431837336788797,0.0807088052836994,-0.0226874037564619,0.00176327269197273,0.0720024663903331,0.0762905535618407,0.00410652863082545,0.0129174222004946,0.0610131982482827,0.0532181891928957,0.0754029423677045
"165",0.0197466185051664,-0.000525578815554339,0.0228962641075757,0.00987867836444658,-0.0260384796625529,0.018387935766232,-0.0218870634270719,0.0171062914844922,-0.0257319769703644,0.0142838396424885,0.0764064895358981,0.0361120892059409,0.0583191539047469,-0.0414635945303139,-0.00168006844988627,-0.00643649842708303,0.00552213716123908,-0.0481978450317199,-0.0200584101486662,-0.0488643270287223,-0.0458956939789081,0.0370746981926862,-0.0362706206064218,-0.0621030418995206,-0.00488832143128913,0.0108586648425034,-0.075184494843546,-0.019887862483182,0.00588020440401347,0.0055936965773707,-0.0277097590762943,-0.0237001788496578,0.0663628511631903,-0.0521743211713608,0.0535275791401497,-0.032759143680944,-0.0317116553006314,-0.0463382804079959,0.00746344203222105,0.0117461795532355,0.0228249976597008,0.0351378025692603,0.00512613783016512,-0.0151069170750294,-0.0403593406668562
"166",0.0817984130208974,0.0665720541724771,0.0139596841863869,-0.0205777673693118,0.0168592169929384,0.00444691801455656,-0.0236860050391901,0.00231504955940941,0.0304576840880943,0.05417059880512,-0.00387097747288685,0.0973768652387926,0.0248318306775188,-0.0249452772496584,-0.0691128272482807,-0.13055872018005,-0.0411179784289139,0.136500964927101,-0.02021695942509,-0.0804961963652074,-0.0374162152438447,0.0411454747451085,-0.0416023735722252,-0.0520440305295333,0.00123713004365175,-0.0390633388901301,0.0337892246677204,-0.0971067700511812,0.0174949282187279,-0.000413176808963587,0.0499214128247109,0.0696143643647644,-0.0101015600237476,0.0149618747541759,0.00790527467608589,-0.028283300165393,-0.035300256563361,-0.029808912788567,0.0615928083564737,0.028119202615481,-0.00537668783784101,0.0196341902285328,0.0177302585860872,0.0317461450530196,-0.0548671150120812
"167",-0.0118206761509477,0.0504844965260939,0.00318611124746033,0.0247005554967487,0.0113876868338338,0.0108768949747509,0.00670136126670325,0.0713984600681902,0.00638668972345066,0.0231847577949267,-0.0519658287260181,0.000898095163322114,0.016310268114923,-0.0388131579474688,0.0793522939695038,-0.033035387531516,0.0243516326625771,0.00771612893394113,-0.00738706831078864,0.0448759920870786,0.0571077591691795,0.0120090171509852,-0.0569632620058157,0.0124321738570689,-0.0229378740724101,-0.0131776932909422,-0.0729483081637362,-0.0399078674489734,-0.0234966168476624,-0.0423735217612442,-0.0231443607603754,0.00575404638009029,-0.0234787059874571,0.0210056359569784,0.0114541664821311,-0.0633320389441171,-0.0593098049868533,-0.0406734256310385,-0.1502250604395,-0.0542745135367222,0.0143217389737533,-0.00461453141317428,-0.00633579647166152,-0.0686899657480562,0.048273973775708
"168",0.024948396059641,0.0144268290715889,0.0305058635209096,0.00825178177401906,0.00602332260242085,-0.00953681316992537,0.0305884626419383,0.0500678138965021,0.0102860992750699,0.0434754909234736,-0.0558168190041787,0.0949136208597209,-0.0122944938453343,-0.0436980396676177,0.0293684260504156,-0.053621560678929,-0.0196258072032011,0.0381829612152877,0.00495174483257752,-0.00559645846660161,0.0972942723265214,-0.00866093963990567,-0.0042669549356578,-0.0537623083725049,-0.0442312293339048,-0.0263823011524574,-0.0292430198493491,-0.00161188322564841,0.105219527297017,-0.0762425472232163,0.00885352398397003,-0.0610293679883102,0.00648277598740383,0.0443515019067843,0.0166652473044259,-0.0400565145848001,-0.0960468126194814,0.0766960706908683,0.0387410805841137,-0.0180194552300564,0.00281313190468786,0.0261890551502465,0.0670049023396793,0.0414049147813066,-0.0445465070247011
"169",0.0154543750760304,0.00781607161405113,0.00745839793958553,0.02097619628905,0.00238894844399131,-0.0273460834467663,0.0899205501992741,-0.0105447216389676,-0.0402388716650346,-0.0265534476653393,-0.0193133560433154,-0.0324510797865666,0.0300398718961906,-0.0455579321944314,-0.0163766936055895,0.0561330633553908,0.0266411218008209,0.0554986649885547,0.0635128624061892,-0.0376548100751201,0.014291003507299,0.0937192128412712,0.0534258632983188,-0.00226314651846438,-0.0576782574198107,-0.038251733597875,0.00603632008678445,0.0129354562334508,0.00613934585339217,-0.103605734401031,0.0310779952718873,0.0413269619648954,-0.0523667270213007,-0.0129629062217395,0.0946648324775388,0.0368304917101284,-0.0015934467917326,0.00304067626503542,-0.0741621949844214,0.0405216082863988,-0.0465024405528748,-0.0638354737247703,-0.0516103169201979,0.0568992220534417,0.000674248330900671
"170",-0.0103555995166972,0.00344806435013191,0.058215386445001,0.0285252615943578,0.0252405665502438,0.0247623185305923,0.0166670960852009,0.0108170804239006,-0.0134584243184973,0.058610131656131,-0.0705905318724963,0.0189147660367468,0.0119876354468103,0.00201633302277095,-0.00260048503750347,0.0257249394052769,-0.0632648355995423,0.0478259863217508,-0.0653675562590188,0.0221119872593135,0.0511075069211111,0.000194374645525136,0.0697123269878803,0.0422460673135077,0.00437403775940897,-0.0638963117769636,0.0386054532737055,-0.028077200236972,0.0508392614014965,-0.012713562937122,-0.0320429092668722,-0.0510850266697597,0.0683459077044987,-0.0286561429430519,-0.0267611266466777,-0.0308767946450829,-0.0188582897057976,0.0218096110196059,-0.0451409551613154,0.0677378324413765,0.086795535848086,0.0594318405241955,-0.00378845639181676,-0.0380178624949192,0.0374710074013181
"171",0.000672177454702553,0.00682935188317176,0.0382701627616138,0.0420332625369395,-0.0136960083709976,-0.0157413617823687,0.0313231860721378,0.0554839911141272,-0.0171579782879686,0.0143794579082342,0.0490849293362485,-0.0300291275637809,0.0641555225896925,-0.00334801366112326,-0.0371685974858711,0.0605347497446156,-0.039107566903248,-0.0143066833184784,-0.00368508282311124,-0.0378483516021265,0.0481293565443223,-0.0561981038658033,0.074918670463644,0.0525350162980737,0.03843559445199,0.0505567872779999,-0.0365473835714802,-0.0260675731836218,0.0800027768984211,-0.0152197397158363,-0.0561853420280602,0.0423909322095949,-0.00176014289609788,-0.0182185200483492,-0.0404293876156906,0.0344427626015367,-0.0729833933637554,-0.0200123277968794,0.0613494231338781,-0.00206466291022116,-0.0324311831013976,0.0335399989247582,-0.0194620447648098,0.00583230870994162,-0.0472954160239875
"172",0.0336943180559558,-0.0319493563529719,-0.00353904653448281,0.0478322421424891,0.0104180793841992,-0.0649808694685264,0.0850910115361581,0.00798692150410751,-0.0114709435002577,-0.0180162837036634,0.0651670421957011,0.00797957089052477,0.00558393026494325,0.0807523062709995,-0.00848633095334674,0.0295084841054371,-0.036607776441512,0.0057288377800636,0.0730200735552013,-0.0629830016230825,0.0148851707072448,0.0538048680482753,0.062494782531276,0.10873378268161,-0.0134726617244362,0.0537498647124862,0.0269550285212007,0.0745749800707444,0.00232718430502127,0.090716882281197,0.0479349149505335,-0.0120231461753995,0.00864784877256475,-0.0439391703208685,-0.00842443898592737,0.00446669712713756,0.0404508376074744,-0.0468061320788747,0.0502773172688635,0.0453518839213874,-0.0106666458849112,0.0944468453615977,-0.0162599732737759,-0.00183028146173472,-0.0161207377778027
"173",-0.0120098228629611,0.0354870757087032,0.0154066109648878,-0.0185694985593167,0.00606202251861962,-0.025223330706687,0.0352693238457782,0.0174082501948155,-0.0290203845284994,0.0218430257145767,-0.0363853164393554,0.0402074823024454,-0.0538519793184394,-0.0114779200930473,0.0500289491253285,-0.0624774720175471,-0.05633826854611,-0.00768238235697306,0.00369641158034387,-0.0109766256861216,-0.037695028608187,0.0449720831235794,0.0338898365710925,-0.0746083004594668,-0.0582913354478934,-0.0833518540426763,0.00193189230786681,-0.108053619172861,-0.0279064169682029,0.0418859896420374,-0.0270529006992172,0.0828840193624875,-0.0447627511340723,0.0525266338813454,-0.0112555581775976,-0.103422941032165,0.0099599139186257,0.02910566497839,-0.0757049008223653,-0.0271446697387247,0.0106922697662164,-0.0509111675588555,-0.0468398691802038,-0.0700264917797205,0.0217486349779464
"174",-0.0527214550055183,0.00105479805898257,0.0481344125199018,-0.0158624158531087,0.0251537008402738,-0.0098314974051887,0.00463857469061667,-0.0278370634306488,0.0364765366121777,0.0434254754586702,-0.0765968525789758,0.0355283675708414,0.0406574313818527,0.00731914465235972,0.0501007967602099,0.037497379497256,0.00768176182166723,-0.008600459345144,-0.0750634683174637,0.0407161417781275,0.0300689155718596,-0.00796156801467251,0.061036754583465,0.0556336239644826,0.00854747819726219,-0.0498947179219779,0.042782137954983,-0.113644566392875,-0.0514919251918891,-0.00495474099894654,0.0359747950264721,0.019552917011939,-0.0224816080570313,-0.0869019760886829,-0.0222471007167152,-0.0319279490050719,0.0447255623854298,0.0455365337268228,-0.0392192612193048,0.0776950478256489,0.0684988955616512,0.0931114622701371,-0.0336457135863376,-0.0176923354552035,0.0166331549780105
"175",0.0277743651511125,0.0344805539799524,0.0179170026652201,0.011979905191886,0.00151233075107887,0.0432719737541037,0.0537511124800404,0.0290663039550141,0.0018145498244988,0.00255413448254677,-0.0788335328748209,-0.0249683181717773,0.0608005643670254,-0.0426003206481393,-0.0555691179007856,-0.103861996969351,0.00439009726151768,0.0688693528477155,0.0410857333812006,-0.0534163566064219,0.0355928018262263,0.0370374364513343,-0.0122158435534328,-0.00540585108374033,0.0697837579490724,0.00583226307044742,-0.0126107909683887,-0.0258605452761616,0.092228783388616,-0.048255482799797,0.0747496023021079,0.00794756026536592,0.0582605570346471,-0.0262404731298334,-0.00493326313902828,-0.0353465719529522,-0.0758913245438894,0.017113530247889,0.0101191277750287,0.0164975891015434,0.00451462042338096,0.0370330640016164,0.022678190092178,-0.00144153080593384,0.0597495902348172
"176",0.0802603673451407,0.0290332381437181,0.0150084317264278,0.00774207145100854,-0.00589925137748759,-0.0634898167507055,0.00166759600568558,0.0131264893227906,0.0537132145827088,-0.0280782921332359,-0.0518805175192779,0.0262844153249737,-0.02647689549481,0.069105186181152,0.0072820980300981,-0.0392538672010885,-0.0489415435286714,-0.00944772676910485,-0.0459069651573748,-0.136254306224666,0.0096498737420159,0.075593922939452,-0.00447102448477541,-0.0181441890744046,0.000361086152519143,-0.0722714187722805,-0.0542063963349016,-0.00962935763664153,0.108791058623991,0.0452703424475558,-0.044566909335533,-0.0197050330094548,-0.00348401521404156,-0.00636119430949409,0.0678156224484854,0.0671774173902869,-0.0837322051715381,-0.05019735845809,0.00787981465787563,0.0323349549211237,-0.0581138935725147,-0.0599719238091895,-0.00261239604897989,0.0629702828210999,0.0035219118920357
"177",0.0105894443155482,0.0143460096380404,0.0531090532932118,-0.0272320950519071,0.0168201579006291,-0.0292324672147822,0.0214956699415072,-0.0351017779736345,0.0399189794885993,0.0444918228525714,0.0276054686352809,-0.0162899365238619,0.0312807048619652,-0.0296681901322377,-0.0490715366593826,-0.067222315204572,-0.0977000877875344,0.0482411235817012,-0.0173314200861754,-0.0530713821781847,0.0957152453578354,0.00836901454060671,0.0590055700897077,0.0115119738404251,0.0803024846897815,-0.049374654874,0.0799380994953433,-0.0860382960613298,-0.0306098797739531,0.00728215026806676,0.0169525478311907,0.00715071160859199,-0.00478318030661903,-0.00741104558864024,0.0363325858361129,-0.0711334784123508,-0.0115244263223299,0.0300226105588868,-0.0517865459227286,-0.0127998575801335,0.0295623744110287,-0.00657886732325673,0.0135113544894699,-0.000937093360081494,0.0662232442698817
"178",-0.00563139519584674,-0.00538412145814505,0.00562552208703155,-0.00134676630572054,-0.00849402820273512,-0.0743143154718596,0.0275203720141634,-0.0092279191759829,0.0156741853654454,-0.00846118285166095,-0.00673701951944439,-0.0355122341564877,0.0761787306504177,-0.011095957429322,0.0274906661104489,-0.06901484790645,0.0232819478971292,0.0275798530312304,-0.0386947851898481,-0.0555804393245239,0.0441182865241011,0.0922322443281769,-0.0361307156716094,0.00189527757284241,-0.0315600919114456,0.0722805949979698,-0.0434967991392062,0.048794226930249,0.031786035538819,-0.00770331346142283,0.0691370850152135,0.0575936593750874,-0.0491296000979605,-0.0474011033849957,0.0227951254665832,0.0509438202658732,-0.0600892274302526,-0.0656222222624252,-0.0328014912064932,0.0104920092373373,0.0524792074628928,0.00371367024413848,0.0290632257466376,-0.0103749012559191,0.0291717652712876
"179",0.0153973037230459,-0.00278607580030779,0.0366977431484682,0.00700184697534524,-0.00230594260117133,0.0151624304257757,-0.0043913319053481,0.04609000317588,-0.00747062493452621,0.00796485689198196,-0.0544846330241791,0.0391106479585827,0.0437160297450316,0.0017672974105483,-0.0285459235796513,-0.0607995957571138,-0.0338800681521198,-0.00150791519235838,-0.0696078560944394,-0.0172568914062679,0.0415702057666998,0.0713329130078201,-0.0401974597613597,0.0325154522719261,-0.0359711238303512,-0.0625113399572133,-0.031756010946983,-0.0439646487344214,0.00659290504061611,-0.0151909565089891,-0.009228302254207,0.00311311462048769,0.0805588257160566,-0.0158806219855501,-0.00932287058281012,-0.0946796052116856,0.0143882252948616,0.00321059974664157,-0.0554769511534641,0.0366162878580677,0.0370243918819166,0.0135873960883824,-0.0426505503912213,0.06251333768248,0.00647984416328392
"180",0.0246117558947946,-0.0102645084303347,0.0141042159525223,-0.00534056436050288,-0.0146172563408752,-0.0675255951253329,-0.0893990665927913,-0.00641448575663224,0.0558425450182575,0.0565841451128237,-0.0400422739584006,-0.0177504963582686,-0.00318021768805276,0.0443643004236413,-0.0439826384383936,0.00197489968551258,0.0234631612949699,-0.0470795484500635,-0.0478258266091946,-0.0229726256261387,0.0803572095582816,-0.0475438990509695,0.0577287967584122,-0.0414801681153899,0.0547855911156234,-0.00472988382791106,-0.0358844926541017,0.0374189896406608,0.0264171550788692,0.00737337789881106,-0.0195961028961179,0.0116656144326342,0.0139746200163228,-0.0203543283127093,0.0655779861560013,-0.0272042081344661,-0.0632769525390633,-0.0414929754932332,-0.0411963931403703,-0.0574266647635226,-0.0433686820578909,-0.0356556258639577,0.0526417295040924,-0.00641122046482496,-0.0240891870809084
"181",-0.0751820412366984,-0.00971108999904347,-0.0031738441609736,0.0414431770007354,0.00588913482317298,-0.0343449267286344,0.025665446206628,-0.0567673095294058,0.0328589144022636,-0.0278313582989735,0.0302764119431515,0.0306249266103725,-0.0200865285659194,-0.00942463595556895,0.060407165784851,-0.00367189148021612,0.0970258762094835,0.024320071756727,-0.108642733360789,0.11738117497723,0.0289337660968483,0.0247691660176775,0.0464555240558377,-0.00714029316602111,-0.0262000305855183,0.0101218369054484,-0.011293050519144,0.013492393991936,0.00800680629667227,-0.00512454617278888,0.0586677819542909,0.0397015414029059,0.0642911138669876,-0.00238807233869457,0.0227306556479968,-0.00725191387079317,0.0178635383108298,-0.0178247942030812,0.0302099684786374,-0.0365113613678986,0.0114979904360862,0.0832575634562395,0.0545803379141949,0.00269683828424674,0.0856966933016823
"182",0.0844916161050595,-0.0171129550233888,-0.0215873554854082,0.00527515633777817,-0.0538362306764411,0.0133826204865021,0.0415659791689711,0.00914436827716636,-0.0659410746346836,-0.0819862324337504,0.0434585454558584,-0.00151652778268861,-0.0330523338612433,-0.0199735295841786,-0.0290580689586027,-0.0954820269500298,-0.0945690510874798,-0.0429251322779327,0.0252507333970125,-0.0718678120047807,-0.0697878627432056,-0.0275838866539099,-0.0149865124255052,-0.155422682708472,0.060074333068156,-0.0424149518851856,-0.0203122919017507,-0.0274638494086559,-0.0105257142383603,-0.0673142101933154,0.0118077112908068,-0.0404859961459128,0.0131604363803949,-0.0692315892783023,0.0237213018424503,0.0769328803870889,0.0156929261191097,-0.126242935192276,-0.0794026960285426,-0.0146632152248279,0.00908036686244063,0.0954692729814363,-0.0421952099653323,-0.00280623182957879,-0.0594132659276425
"183",0.0470708048528856,0.00321769631852439,-0.0313298596313686,-0.0108899128707237,-0.0155611574809747,0.0447625537670274,-0.0495618436931588,-0.0491145027310826,0.0325298962495595,-0.0370422189833093,0.0957991296369483,-0.025019062190019,-0.0230169500481446,0.0177674944298809,0.03576913250333,-0.0164281929375199,0.00501485234878586,-0.0584128801619752,0.0571671304529933,-0.014307272575222,-0.025270280796453,0.0183343793189865,-0.107737636841586,-0.0121288433785856,-0.0482988355569205,0.0448901664071015,-0.0983376893760271,0.0145131640598639,0.00770431883844066,-0.0983302498203457,-0.0322522042000854,-0.0329718014196256,-0.0209576402283336,-0.0395236498036874,-0.00914605333502316,0.0626511679320278,-0.0158056464571081,-0.042103529557062,0.0515339630439548,-0.0626765878863192,0.0412184823696805,-0.058640250023543,-0.031964543049804,-0.023427044068471,-0.0678905026352275
"184",0.020720258805351,0.0225283680042797,0.00590145622003471,0.0184473530776268,-0.0253098201089094,0.0219455460285055,-0.0170716924003934,-0.0030140725879397,0.0138545333035679,-0.0221400069188858,-3.54414522095244e-05,0.0762132293276811,-0.030424777104119,0.0243811210741449,-0.0573112731226993,-0.090108238574761,0.00999714763736614,0.012690653770972,0.016439597141357,-0.0381575419088043,-0.0591270659747286,0.0191516219203866,0.01649124869554,-0.0359338356409884,0.00290738840892713,-0.0524296871607225,-0.0639053083827033,0.0394195601523345,0.0515908326485562,0.00473941883326669,0.0100411608150888,-0.0516578421402345,0.012864726449974,0.0132434102151601,-0.00784911668385674,0.0209872237414647,-0.113366600360893,-0.00956171482813801,-0.0250433584759494,-0.0394511406167234,-0.0410559304920444,-0.0265125738069059,-0.105459254982462,0.0256263154741563,-0.017161674996995
"185",-0.00452840111933065,0.00516507293437684,-0.0280546057679065,0.00492045679953384,0.0352928496717963,0.0491973864282806,0.0221383195693912,0.0174924915163905,-0.0147013195518332,0.0297201785206252,0.0491472265570888,0.0107720137941478,-0.0181098661388145,-0.00321110386714836,-0.0139518135187248,0.102181146885612,0.0246052296969657,-0.0169791172043585,-0.000177689021312925,0.0406768474671275,-0.0390461595015523,0.0781690356243996,0.00647928324259616,0.0398231899974064,0.039925456352197,0.0684911624792391,0.00965229782425037,0.0471020521244831,-0.0349298477277427,0.00167106226521452,0.0498826800323669,0.0469177170321693,0.0041740862070614,-0.0108422108023569,0.019627952413551,-0.0343056625850043,0.0257421590989864,-0.00443744299786768,-0.014282237013007,0.000692750720763156,0.0324302227236285,0.015847491123503,-0.0226913597938914,0.0254413666312246,-0.053588770996662
"186",0.0114478097045227,0.00888048294496979,0.0210139693286168,0.005809086043714,-0.00307886269880912,0.00551556598154525,0.0722437059120304,0.0169540000903748,0.0727850593719752,0.0701205083953774,-0.0824822569419716,0.0209192517707161,0.0205798937108527,0.052119852142638,-0.0583703834983572,-0.00172648026223176,0.00207856592869093,0.0114474737835656,0.0171301195458737,-0.0100526326387164,0.0235991477479847,0.0013681708185466,-0.0867705291761776,-0.0053644436600069,0.0790069934053876,-0.024464359112718,-0.0338082642223199,0.0557378270397056,-0.0347543932442459,-0.0848931103711324,-0.0307733655538609,-0.0432443568147084,0.0298501737442739,0.0144959709255677,-0.0309325686033868,-0.0100107557082677,-0.0732907107942895,0.0153731419570318,-0.0414942266154494,-0.0221929192964214,-0.00566878821308049,0.0205283387651285,0.0224304607116052,0.0100215719869984,0.0895800865467092
"187",-0.000381302340300947,-0.0170155788924195,0.00497593727676246,0.00994043634882477,-0.0122766117548022,0.0110672472011362,-0.0389260523460715,-0.0231811473078288,0.0506217190012769,0.00401028444463175,-0.0818449548915401,0.0504645494380127,-0.0764108407766843,0.0164193533720868,0.0636834426859695,0.00318684712702337,-0.00957091187576081,-0.0809479525052192,0.0162346210774671,-0.0270608400235456,-0.00813359307834425,-0.0245404820431453,0.0343825146469916,0.0783962060993148,-0.0562650682275344,0.00905656618994681,0.00573511027784317,-0.0128352877686493,-0.00687738078068513,0.00436366367199773,-0.0987446126134408,-0.0797024170271874,-0.0467212614382045,-0.043772786465775,-0.0222327445549293,-0.000360641971726819,0.0450346724363624,0.0151916953237707,0.00375959341430857,-0.00921781499266837,-0.0532983429878621,-0.0125817002264685,0.0419107616749393,0.0242917118052048,-0.00683749452736622
"188",0.0329019365268173,-0.0366615951587523,0.00995697818400706,-0.0138528128101649,-0.0265968119944824,-0.068906027870096,0.0169044644936405,-0.0131763419118761,-0.0028717900106061,-0.0553982786849645,-0.0555740729286066,-0.0731394712535333,-0.0728153493756386,-0.0274729625058023,-0.0505287581023237,0.007392335345821,-0.0145905780845522,-0.000559117989286647,0.0586564456169308,0.0236723402379197,-0.00286767707388722,-0.00952725664482798,-0.0193533409507787,-0.00496872723960882,0.00103599486575662,0.0253500751898336,-0.032686923949256,0.0241217393920781,-0.0345845522376773,0.0159600629353602,-0.0213651422394169,0.0123343995130756,0.0014318770602113,0.00123307799462519,-0.0444391321435896,0.0760341444664675,-0.000411811081196837,-0.0775661541360826,0.014423677004209,0.0211530350935405,0.0158414166830335,0.0609033123005175,-0.0176821461092452,0.0912149955278149,-0.0232562833532153
"189",-0.0305660991791563,-0.0227877654810725,0.0178536172098194,-0.0275045157553728,0.0142281189355817,-0.0151133370243664,-0.0216681372169633,-0.0548822273231367,-0.0470594500449582,0.0884299286945663,0.0216325273293742,0.0463657584142149,0.00434418081397506,0.0128789340271507,-0.0058148134468491,-0.0352529056779745,-0.0188436913940594,-0.0113186291345056,-0.0553500732256852,0.00877748998461374,0.0415383581395922,0.010275216598193,0.0293790005648585,0.00623637080085648,0.0543766344398936,0.0198422637359865,0.0215633686543137,0.0257094059528459,-0.00883946719101389,0.00206715324729646,-0.10107681969983,0.121200340122226,0.0311358716048379,0.0147471725211505,-0.0486525134066466,-0.0455868780081861,-0.00418899706453423,0.0296764975038454,-0.0197584774491728,0.00893442741477596,0.0741383320151734,0.0660259311559221,-0.0721810293585793,-0.0273822610364508,0.0197774806365055
"190",-0.0305038843152341,-0.0291122608893698,0.0631274366755969,0.0122219869543628,0.033729639109299,-0.0658035229677999,-0.0204859255863165,-0.0158469854590576,-0.037005448876893,0.0455250730490374,-0.0617217705613133,0.0175414580006998,-0.000521336089639739,-0.0231205315012768,0.0260694768221773,0.023302507489,0.0808963412866624,0.0654702968703186,-0.0904254537856315,0.0529845187509134,0.0580987391802207,0.0683648860599458,0.0641468426780151,0.094915899591764,0.0832590541232865,-0.058251356888095,0.0491685016984526,0.0182269972303172,0.00530455713811331,0.0454117385045464,-0.0174352756240123,-0.00183200122389767,0.0609853995975978,-0.0434977269923721,0.0052154091641423,-0.0852127020395881,0.0314055171032225,0.0513721461268541,0.0286955770859487,0.0581363433980551,-0.0123931440175716,-0.0628506383146874,0.0515444103199884,-0.0522126139308392,0.0857837403786339
"191",0.0234057079825858,-0.014958529020135,0.0329781735460411,0.0295401179769376,0.00147643803186172,-0.0554059149170078,-0.0182753524696009,-0.0320093881763346,-0.0422832358245154,-0.00687700114910569,-0.00980410533746674,0.0326454432431723,-0.0270364080493758,-0.0183934818734442,0.0197420880504972,0.0568483615589818,-0.068310132416335,-0.0224183783410488,-0.0928954337992567,0.0178849287424456,0.0551344957947217,0.0375645970171787,-0.00492632637177829,0.0215141694955975,-0.087018487422929,-0.0441400337458618,0.040725392478808,0.103221454315469,-0.00626465489016544,-0.069553357529538,0.0493075965508582,0.0307404718324149,-0.0131686434556221,0.0233035261672364,0.0511231057377704,0.00527176182052462,-0.0223215528658368,-0.019564416274885,-0.0159445205094776,-0.0233324501508171,-0.0316454800644399,0.0700184653113438,0.0397633640883022,-0.0346230387241142,0.0280398532586263
"192",-0.00705327457590418,0.00393023260903821,-0.00455878853967008,0.00890009126695532,-0.0174330457163769,0.0214863953101465,0.0416316030624938,0.00998361074224353,-0.00599681132189398,-0.000347756049162337,0.0428606963552767,0.025814927963106,0.0667024265256735,0.014491227654407,0.0405401226850139,0.00187242353063457,0.0131903280456889,0.0439215426537329,-0.000420102786785244,-0.0941295551577733,0.0389885803236076,0.00372246628252084,-0.00599341111163016,-0.0550244607315078,-0.0183797766464247,0.0446847453950175,-0.031565999160384,0.023518251044983,-0.0263854808967593,0.0444393000098156,-0.0526406179954656,0.0256834732126495,0.0419604090416978,-0.0231517074521515,-0.0261078998239749,-0.0716861578187977,-0.0593355054515078,-0.0493902363208094,-0.0352607516640627,-0.0167417260042422,0.00373540931396331,-0.0272814330797521,-0.0208564345534306,0.0365023850916636,0.0429431965555684
"193",-0.0201685202688386,-0.0162657695382043,0.0419415797862333,0.0568333653588221,-0.0303002378963561,0.0470625442558949,0.105910613859105,0.0320829404473627,-0.000216109643227162,-0.0250225123910056,-0.0457414533891743,0.0291136478244693,0.0227663103017699,-0.0769835520004333,0.0845670998018055,-0.0427662156600896,-0.0380763743983808,0.0256207811609738,-0.0566048368056596,-0.0258644478210022,-0.0492879580502633,-0.0796828789844692,0.0195845986492221,0.10728791972752,-0.0809028084858631,0.0121692087421143,-0.0567465164277764,0.0550215481626167,0.0444045585424792,0.0637055474389115,-0.00925035957211872,-0.0458552221860824,-0.0892688094334798,-0.0149799865171395,-0.113916053730935,0.0514669161566396,-0.0594521033591231,-0.0141209943026758,-0.0170740317303842,0.0248985316039701,-0.0801964968726738,-0.0453012525264202,-0.0142998674469069,0.00227652910549428,-0.0112545376271372
"194",0.0598784108511295,0.0356932333698174,-0.00529041373225612,0.00351422873517971,-0.0271637797014195,0.00214690177922552,-0.0586155957825539,-0.0390655416944284,-0.0045966966220104,0.00162596032961504,-0.0759261820159365,0.011008259802824,-0.00195230419458649,0.031359940221698,0.00630799087263918,-0.099905120113254,-0.0653308180328496,0.0449488909002517,0.0051177164235023,-0.0429840473851939,-0.0277973384483213,-0.0545376117701227,-0.054558751428495,-0.023686707701598,0.00116816166823015,-0.0534641605242516,-0.0374120940350371,-0.0551978704280216,0.0155255714176368,0.0214175379374089,0.0244965224218714,-0.116455216583478,-0.0472946613012385,0.00586266482851605,0.0660029904715514,0.0734528605079776,0.00647568750204587,0.0253240916425566,-0.0176034824541145,-0.0130906833357987,-0.0163907645831805,-0.0293033811194079,0.0328605417001772,-0.0585928458665428,-0.0227813468549119
"195",0.0109735200644786,-0.0308015915442826,0.0294618513168673,0.0199294238239526,0.000341533743995383,-0.0754691129513675,0.0174685213486921,0.0435616422694355,0.121570608610313,-0.0358916650072763,-0.00955235990770886,0.00514917819614842,0.0158966522173385,0.0275488462871954,0.0875847627958806,0.0489492831880941,0.00276549931390794,0.00709470915736176,0.0416249807568657,0.0214222364037265,0.0486649074877307,0.00137925430536344,0.0364362704335282,0.0931874244960864,-0.0377682240839983,-0.0361248302960536,0.061429683908948,0.0317042458540534,0.044533291070748,0.11949313862718,-0.0428474095899642,0.027236885641544,0.0127924990804033,0.0172625490654327,0.0521063213296413,0.113141617101521,-0.0553361569030259,-0.0210639637562244,0.0234802921799064,0.00378490893995657,-0.0126079182649712,0.0497077317190875,0.0155767684955555,0.0906920607619858,-0.0396171440454757
"196",-0.0565198516950025,0.0227968359739465,0.0532145997806914,0.00658931034260732,0.0427176992143298,-0.0237905033357381,0.0514599276291694,0.0400022380767265,-0.0324245160677878,0.0438678554385029,-0.0719908165494486,0.11524754035547,0.0216381715879052,-0.0058262550070352,0.0413350093043696,0.0245575636890556,-0.020193996820657,0.0340249404800275,0.00783540666012658,0.000580269318692227,0.0425916485794132,0.0320565152788623,0.0884158161929522,0.0378026883393985,-0.0240805027414849,-0.0388530239920991,-0.0388212509946042,-0.0116066031833101,-0.000377976487797846,-0.0250310000571001,0.0843599007183848,0.0643072628910243,-0.00149347364893406,-0.0744055866297583,-0.0116770793025385,-0.06006897486841,-0.00195577569359842,0.0825232573711063,-0.000706305132557129,0.088114091901227,-0.0111867803366024,0.167590713558916,-0.016354711022127,-0.0162752192309361,-0.0146290407153247
"197",0.0086263190163811,0.0195959837008379,0.00668300822860072,-0.0106548874066458,0.0142470842024578,0.017294083424925,-0.0575545515132045,-0.0309664393082193,-0.0341409345937065,0.0426104930056642,-0.0170999732359775,0.0158944049609239,-0.0335857558027801,0.000646663537877857,-0.0431871550286865,-0.0136382508991924,0.0245133807356017,0.0398199415038224,0.0354262510773701,0.0115306244912791,-0.0562765928465518,-0.0495251142372102,0.00924572549280168,-0.0052871963510971,0.0526792388020379,-0.0178563198652693,-0.0204932947126748,-0.109692312093345,0.045972499735382,0.00444810056178215,-0.0111180528714169,0.0100370327520038,0.003368188547531,-0.0133138326924905,0.0231388782871517,0.0198112091076718,-0.0497326043427882,0.00871671582115719,-0.0187788717468717,-0.0466049730155565,0.0505885631731525,0.0320001412577415,-0.0100510302625932,-0.00712777559959483,-0.0331904143873271
"198",0.110019171645921,-0.00668374322814116,-0.0220271623296177,-0.0163818668831308,-0.012595073481597,0.0161213708753346,-0.026601555099857,-0.021101189689083,0.0205971082505186,0.0225336003917973,-0.00279775189220535,0.00906994205171553,-0.0103053873041331,-0.0422713893827814,-0.00241876552060876,-0.0380826010118254,-0.0876399568441854,0.00658981951182055,-0.0363399824278716,-0.0867895646821076,-0.0563991146353801,0.0574857532226979,-0.0106654218558896,-0.0735372125108791,-0.0112387579086714,-0.0760783086990181,-0.0744450009077367,0.0417986648387307,0.0281879716188549,-0.0281998274446695,0.0443917426322686,-0.00941374752566779,0.0444490078301207,0.047918808874587,-0.0573345947731522,-0.000911519551930584,-0.0196742438310561,-0.0255840257509212,-0.0661840004956298,-0.0234089417353096,0.00704324882046903,0.040387947238413,0.0313655998275171,0.0463368154036863,-0.0197070560251064
"199",0.0080953215919945,-0.0277163840564956,-0.0361548446424468,0.0224871910714437,0.00675690532268395,0.0229860579957527,-0.038906077536147,-0.0231569803289618,0.0630292932733711,-0.0309589860943718,0.0309758938402709,-0.0922541255755008,0.0403100020201329,0.0532067392350744,-0.0133872485224383,0.0170479437535564,0.101998310143541,-0.0291764106188694,-0.0017425899498273,0.0295375722307521,0.0507432695556653,0.0532908018554114,-0.0558258959553395,-0.00226231103295908,0.0146626251316657,0.0593615610833223,-0.0218367779809414,-0.0108245937283642,0.0232922213254119,-0.0272000882295914,0.0244992150673554,0.016734597571587,0.00802078639212354,0.00701957398304444,-0.00293071289071827,0.10951169161526,0.0611352940767112,-0.126583640878826,0.0391465191093562,0.0589502915574452,0.0510766407081479,-0.0358804072526535,0.0934021002118566,0.0100717338423552,-0.021243620563828
"200",-0.0524370934814791,-0.0186009419481281,0.057460156457941,0.0212405682720252,0.0128747812592901,-0.0728646381302659,0.0517720866981055,0.0539010636953603,0.0498009500592879,0.0912217718023635,0.0948875867242659,-0.0399110362970419,0.0508602619596289,-0.0192222301724697,0.0320235824230544,0.0353763666158379,-0.018065042038598,-0.102392487952085,-0.0206248993494769,0.00548076870277419,0.00588605397331931,0.057346244198817,0.0882864627699037,0.0769327930230592,-0.0562280021104128,-0.0253509796649486,0.000947079235503674,0.00592290790117279,-0.0382035330318092,0.0313923061806125,-0.00900356529180126,0.0242434217228019,0.00111123561969879,-0.0665459953190538,0.00853588643176147,0.0714911477907955,-0.0156780924618344,-0.00407325472267889,-0.025514284640941,0.0590991273663823,-0.047411274236275,0.0421115415433133,0.0141361699947979,-0.024728144565665,0.00378915342657945
"201",0.0467859218171743,-0.0156936254601163,-0.0216048975875404,-0.0019414675905834,-0.00234524707169186,0.0816011029251257,0.01084380105162,0.0230184906837961,-0.041627117403882,-0.0979683870655296,-0.0440005158638314,-0.109198260880564,-0.011223277831712,0.070624855375045,0.0226970640325071,0.0116835144016491,-0.0062102061019989,-0.0489209367139535,0.00216027054901615,-0.0732557687820094,-0.0628106090948818,0.0514885597960088,-0.0837955661332573,-0.0371924153711978,0.0240451924715676,-0.0161598954821155,-0.00661922539825721,0.00951360671052828,0.0193160635579761,0.0306175048812025,0.0020298418882316,0.0360457500655528,0.0328210805922688,0.055822799704634,0.0590533546920259,-0.00287496954563799,0.0552277856716118,-0.104232853338403,0.121191528905321,-0.0270215541918708,0.018521712595251,-0.025336047388558,-0.00628952098161853,-0.0341956089122977,-0.0521883764445719
"202",-0.0114817183835876,0.0427614088978751,-0.00764168706909808,-0.0345169703404243,-0.0019861903472105,0.0231953375924412,-0.00295000356841453,-0.0444260382665751,-0.053795703892911,0.0503420311696142,-0.0582847092046794,-0.0016914893983571,0.0370530756394231,-0.0662941170192191,-0.078843568461277,-0.0663530915826075,0.0149674660718475,0.0272719336587443,-0.0104340134898535,0.0142221992851091,-0.0578115600470065,0.0465816705609818,-0.0604977454129973,-0.0622287357312046,0.0144307617687043,-0.00835943103270021,-0.0217612908989805,-0.0148306871583133,-0.0164172511813898,0.0103410778561072,0.00185508698898449,-0.00503959193783053,-0.00120608260696889,0.042544826960653,0.0300703376393035,-0.0907703494561841,0.0039609154566583,-0.00775044239972978,-0.0279502256197442,0.0254623766394151,0.025336731159907,-0.00512331639995193,0.0134669047208556,-0.0100109233702687,0.0472096756341666
"203",0.0746119152427549,0.026621538155821,0.0149419204564291,0.000756593698880254,-0.00716193772518343,0.0179470984801295,0.0667934004347487,-0.0926963707535086,-0.00596036716385073,-0.012797102574681,-0.0127078083871247,-0.0270509063100517,0.0361325003806001,-0.0311743016596003,-0.156598413108514,0.0502121264512246,-0.124751359027555,-0.0316631312728705,0.012569481128552,-0.0152592707365811,0.00769332166421082,0.00908122094622344,-0.0322214482079677,-0.029923783784608,0.00171326410353426,-0.0278318820406619,-0.0764344948748197,0.0458611490236819,0.0419539673766486,-0.0118464911818997,0.0486904461639669,-0.0309996316545076,-0.0175474729913663,-0.0058973303301427,-0.0569940690774298,-0.0923422222543103,-0.0162413032307438,0.0432982165053796,0.0274566585820977,0.028797890199994,0.0184709684375249,0.0264274502318306,-0.0105779484126379,-0.00253806006794745,0.00765772150969715
"204",0.120718273381215,-0.0247488859476677,-0.0762400212115253,0.0266627676232673,-0.0372611474201413,0.0551396184915402,0.0165972590559338,0.0166972019163419,-0.0627132757261986,-0.0427322194446825,0.0248734049102243,-0.0302895675535486,-0.0587063031001427,0.018529429786909,0.0277747543137576,-0.0481974842102016,0.0637673594286446,-0.0395254280429578,0.0490018525278938,-0.022381234406151,0.00705804330349752,-0.0198822473166205,-0.013680506994282,-0.0865057603686532,-0.103302595594007,0.0219218945602595,-0.0858741550951077,0.109817918984512,0.0869515803264527,0.032376254639915,-0.0177036311292993,-0.0607823670431783,-0.0859159375197132,0.0516558047220319,-0.0527691026512544,0.137487621383603,0.0912626250869762,-0.0843690428052693,0.028179672882963,-0.00520660139737694,-0.0385869284034162,-0.0472485901462433,-0.060480413889534,-0.0276324848850793,-0.0734465177516304
"205",-0.0494853948416182,-0.00870004911770611,0.0659442852822047,-0.0161140638152591,0.0241653982839996,-0.0878539110288746,-0.00990772031730619,0.0139036698847852,0.0710661952731206,0.074927274632897,-0.0410528110023256,0.00461010493234556,0.0832794473202057,0.0317203574906012,-0.0203458015913206,0.0335630813574268,-0.045133771513363,0.0987693878880391,-0.0653767041641824,-0.046322032859949,0.0444633500692761,0.0285036423883456,0.0140357061928504,0.0509363065803728,0.0421856997476844,-0.0063828048199227,0.0375503560944985,0.0471725961893494,-0.0185427860953059,0.0697326130936066,0.0189148241899424,0.015320273906657,0.00882509539510427,-0.0539351880014506,0.00405149315071361,-0.0517283328449162,-0.00899431063433366,0.0401138082839519,0.0200091752026755,-0.0418500888122398,0.0534009034318589,0.0141641200871988,0.0411519049889412,0.0178546270694292,-0.0457565840172528
"206",0.074696327128914,0.00484858736878242,0.0396238201142208,0.00759873871070497,0.01409399407946,-0.0180432727804344,-0.0605537624579865,0.0190729484457308,-0.103634621417265,0.0170649148685306,0.0245021507760592,0.113384505980533,0.0363368304743,-0.0103134643520833,-0.049031478241665,-0.0708535803830907,-0.0470973786334478,0.0314352332251186,-0.0110206033369892,-0.027729841936396,0.0294777430382324,0.0489786765224159,0.0177330996012747,-0.0078586160455306,-0.0588188378403669,-0.136498213162564,-0.0105674991366093,-0.0286891137864733,0.0551507879149201,0.076137885052889,-0.0797521104116222,-0.0511197026828149,0.0566008372463549,-0.0883425631024458,-0.0426481684741585,-0.0512952607798832,-0.0121115706415498,-0.0572163640835395,-0.0482393811870972,0.0161712753841172,0.000697413328101647,-0.02400654198516,-0.0082552971742413,-0.0187665459255619,-0.0300274801637671
"207",-0.00544103083631511,0.0364473760858986,0.0374303357767455,-0.00307646865654875,0.0340818097793404,-0.0157374632221766,0.023462049648224,0.0810656612655559,0.04848010118258,0.117390901424758,-0.103370259619741,0.0315711766666628,0.0101232668389049,0.0353502424035167,-0.00113285008173719,0.00867933608447228,-0.0282952308829073,-0.0576207056762947,-0.0556558184966904,0.0222492442072993,-0.0316007310834439,0.0278485709095305,0.143273598110081,0.0505375259483875,-0.150602817211184,-0.0378999280476139,-0.0597524302911744,-0.0575289616669962,-0.0678321991557287,0.031690977697547,-0.0112751836701672,0.0943496501953498,0.0820778843491027,-0.0183130261225463,-0.0239592113370583,-0.117451460624073,0.00817479508248629,0.0303646537629145,0.0177837301178597,-0.034164115633585,-0.0606726019508392,0.0221828667327247,-0.00845195671095449,-0.0267073886507626,0.00219618905680303
"208",0.0175443411208199,-0.0240306559757146,0.00060597109852766,0.00411487411706416,0.0181897003818286,-0.0132245189066554,-0.0470082497344428,-0.0489064859053216,-0.0414869649260746,0.0218007515302066,-0.125278275836006,0.0676177734252175,0.0354356568238222,-0.0114795142980134,0.0539243939242299,-0.00110731000599417,0.0330435785612122,0.0454288625724606,-0.00493301950167428,-0.0560691400851242,-0.0141579943441931,0.00625723844894021,2.37612507347773e-05,0.0273636589124682,0.0531177357849528,-0.000991151327091869,-0.0106236581966579,0.0745966804930904,-0.0427308955109047,0.0290924807552342,0.010659664011274,0.0134321028243943,-0.0487917419927108,-0.0203797432893542,0.0312169040672415,-0.0335062811131873,0.0460290289714963,0.0860908257172426,-0.0462075940763595,0.0636574274032616,0.0125004009033775,0.0385373630909261,-0.0653178799655722,0.0492353961298251,-0.00794022766518442
"209",0.0470228636343466,-0.0097260376255995,0.0384014917844518,0.0143685411654655,-0.00188158954318722,-0.00465266066553295,-0.0128419390433651,-0.00254728281767309,-0.0415373897705595,-0.00197990982147483,-0.0140720956329058,-0.0288376549425435,-0.0578698556227262,-0.0111830209630169,-0.0196100088475253,0.0963292905996659,-0.0261213050364555,-0.0665864273829161,-0.0532272955935177,-0.0360413393697219,0.0321550723377102,-0.00441330407736262,-0.000472333928540532,0.136224938754129,0.0763088014937849,0.0427423414031245,0.0191655059174172,0.0184169105821852,0.0108759667584025,-0.0211220974080458,0.0298804751415254,-0.0293991727839202,0.0509117821099388,-0.00168959452676299,0.0502655841939421,-0.0173673889276645,-0.0167328145407866,0.0546921566613179,-0.0678568885394185,-0.0272470158863886,-0.000320148304657313,0.00349237944434621,0.110689523492199,0.0269944470409413,0.00198058622580518
"210",0.0517661660722151,0.011481735058904,-0.0218094592975358,-0.0286875276633567,-0.0198534146705688,-0.0215304657586045,0.00334864850424894,-0.0172349070576174,-0.00174737917858364,-0.00635032910725264,0.00648495251879418,0.0239562654850223,0.0109181029531765,-0.0202805203659022,0.0146481626605679,-0.0253773361852871,-0.0568791719162241,-0.00415868609159136,-0.00615634587180713,-0.109318119965312,-0.00646473630131972,0.0720494727348199,-0.0571287272568962,-0.0452660878181891,0.0505678833689899,-0.102523276776046,0.0683342270421805,-0.0091110515753119,0.0468911693207305,-0.00364191649654238,0.00527123178305337,0.0108277507754183,0.00807966823258446,0.00925848490040507,0.0935497333832813,0.0404856002087114,0.000939817952911001,-0.092978778372208,0.0084675916386388,-0.0342309084996239,0.0436271763673568,-0.0578451153454053,-0.103494060805545,-0.0140044716251743,0.00391276891960314
"211",0.0424292910940158,-0.0245105700444904,-0.0261739548262181,0.0176772200336546,-0.00961380772770276,0.0631075317383209,-0.0477527637908109,-0.0536748699364664,0.0535095523349124,-0.0365181736463969,0.0485214436104202,0.00213707739088575,-0.0156814285799176,-0.0191860674768613,0.0432051818544839,0.062873692693993,0.0447603854341479,-0.0367248772401084,-0.0197306600682286,0.00448376306776642,0.0353621485340282,-0.106971726579551,-0.0533875900273527,-0.0198483532608353,0.0335627537550688,-0.0151295691079671,-0.0379860079948263,0.0599838243043497,0.0595934307537083,0.062577584154859,-0.0413851617912253,-0.00574449439669087,0.00292082466643265,0.0173193611600618,0.0156337397286896,-0.0112026981103041,0.0812200817932592,-0.0729405965838717,0.0385471446616431,-0.0289147418110326,-0.0387449579096415,0.0133716828071255,-0.0172974117587699,0.0359169170141434,0.0189709393360174
"212",-0.0671777667560474,-0.0188892081424768,0.0050134555592325,0.0442896327588958,0.00767848090967993,0.0091891662561413,-0.00135812666148513,0.0453094236319813,-0.0212344739835477,0.00527108721640923,-0.00414722980788161,0.00964708515656506,0.00705027617336927,0.0568994729657767,0.022151868390732,0.0774553917802716,0.0656612815076313,-0.0687670444343763,-0.0205008838811167,0.033151824861073,-0.0215514686896857,0.000384606846058332,0.0882466697546205,0.0348175533066396,-0.00357052505352828,-0.0529466387029362,-0.0403617927495018,0.000441913169261191,-0.027768958351597,0.0161325699908309,-0.00853834986495396,-0.0487098562119383,-0.00968806254159907,-0.045007364640446,-0.00584939284157691,-0.0370286095622022,0.0545617011262684,-0.0203121601703112,-0.0281827159573952,0.0761613224929994,-0.0346518496501663,0.0473125152650413,0.0987818851830551,-0.00506521051590026,0.109936900290045
"213",-0.0230284777918887,-0.00349129236303033,0.0208660969894024,-0.00295352657123998,0.00606333233230846,0.0365232955321256,0.0906590978632159,0.0492696505061825,0.0328921446729488,-0.0076560826921632,-0.0514108968587308,-0.000314951357953326,0.0723605791881605,0.00514553443452416,0.0330234626322758,-0.0253414970170793,0.0365074721494925,0.02336956463595,0.00384985220853279,0.0141429075667802,0.0470522488255806,-0.015082356137259,-0.0458237272774778,-0.023064178655513,-0.0498599838864857,-0.0538451926611261,0.0191679492042715,0.0230560669275142,0.0486354645417807,0.0341793662583257,0.0485572351878996,0.0902849289593102,-0.0781435979839058,-0.0701739463203706,0.0703997436057346,0.0795257596758856,-0.049111798763459,0.0173021566751443,0.025153117328268,0.00916971521384254,-0.090469196580071,-0.0132542310811926,0.0439882953144251,0.00162405970067773,0.0873400793968133
"214",-0.00415194230802733,0.00968059447973341,0.0219243440783808,-0.0168363194342186,0.0137882650261079,0.0130397104465089,0.0137926693410104,-0.0271625716040244,-0.0865395704677022,0.107068903142244,-0.0265752974475038,0.00719111221187411,-0.0668323127932896,-0.0122368734545848,0.0478685259902977,-0.0572617491742606,-0.00328930784844866,0.05176372063195,0.00417576924328178,-0.0142437561585733,-0.0167197069023567,0.0177851497699387,-0.0184840838730191,0.0319008960234195,0.0224523767932376,-0.000185485965356866,0.0200142569927626,-0.0770649896707985,-0.0101424741670051,-0.0743388091435421,1.65593719958961e-05,0.0266168244603849,0.0149259718041386,0.0118610091052139,6.03481346106065e-05,-0.0461843724842728,-0.00408797371689311,0.000916529130451885,-0.0202477857671931,0.0383884054736159,-0.0060724659564361,0.0266943429362326,-0.0232088238751387,0.0169179056334989,-0.0348912116247186
"215",-0.0159425424847276,0.0311354420561514,0.032225769789113,0.001523893503151,-0.00861683723201893,-0.00046860832533447,-0.0655873990056395,0.0200071607219098,0.00430787919562006,0.0971585249088578,-0.103510476545376,0.0294669608847114,0.039272314374896,-0.0108723270767141,-0.0124686270782072,-0.0318222445111767,-0.0493738830188921,0.0444032564195006,-0.0440760143666729,-0.0320659785084275,-0.00273398912972504,-0.0226236836416646,0.00972048894356087,-0.00685013049935314,0.0579899958767806,-0.0813350696332334,0.0213012422633435,-0.0597840011516527,0.04018147286131,0.0127471961681329,-0.0295103205274475,-0.0159282236020236,-0.00353835807386818,0.0390989471667178,0.0161387333117787,-0.00956708995486108,-0.0630041230903573,-0.00625859690786375,-0.0606506625747511,0.0148203925706552,-0.0593480930263426,0.0240520349837675,-0.00582702065103352,-0.120326227655733,-0.0526495352767775
"216",0.0321235144318964,-0.00171500093837477,-0.00565263509432639,0.0317923000618804,-0.0115901518995753,0.0136296968548605,0.0254664753239062,0.0059710063599391,-0.049275454925685,-0.0637511152765705,-0.0269292193785644,-0.0444707651509842,-0.0340071363836905,-0.0255752441216543,0.0718743609356253,0.00983099957701429,0.0599734256307404,-0.010331193724044,-0.0359554591737544,-0.085803511044265,-0.0336993264400123,0.0114709550621692,0.0291581323634734,0.116671757694729,0.060860936151644,0.0578973647466844,-2.20133943260453e-05,-0.0688732115531797,0.0928805445241006,0.0455300869541951,-0.0370399874986629,0.0265525577712321,0.0296696147929811,-0.0517858757793077,-0.0396267876362091,0.00137352286408435,0.0112569731190157,-0.0368379170028366,-0.0282433512958268,0.0145007878552877,0.00294001382109242,0.0206351061014362,-0.0366294169684164,0.00450075100768587,0.00127654182036186
"217",-0.0457558901293034,-0.00784482264641942,0.0158775002705075,0.028571210138391,-0.0121271829843931,0.0225611768557556,0.0110579443256749,-0.0134932265138033,0.0121807575985724,-0.0227297299239373,-0.00508936189491436,-7.07519310891962e-05,0.0218892268306512,-0.0221579499991216,-0.01544487755945,0.0538350930580409,-0.0125977094418711,-0.00123218856735491,-0.0297614862087648,0.0244105078132404,0.0792517999213213,-0.0374658120897052,0.0566552605185391,0.0239813179624336,0.0373805557946757,-0.0649444992398804,-0.000688248724329564,0.0124826204539534,0.0143417141706188,0.0211670641929869,-0.0361031724917207,-0.0231410520392624,0.0735425330516658,-0.0550301892801575,-0.00402038860607384,0.0262656032956997,-0.0411601130534437,-0.0352933493092931,0.0675774319251587,-0.0010126518984854,0.0158714807832341,-0.0149363866221454,0.116894845523118,-0.031727693396063,-0.0159686682543992
"218",0.0798083449290103,0.043499040256663,-0.000219312206228367,-0.0305890947739305,0.0295309977604356,0.0120040026637094,-0.0130421915210323,-0.0821038725978917,-0.0375800775772979,0.00372845178196323,-0.0518310773285193,-0.0134531014286985,0.00474849937464696,-0.105532295894877,-0.00928899060094677,0.00273881284684756,-0.099984639561444,0.0341605198972343,0.0164336318065133,-0.05788765413232,0.0199935166574732,-0.010582123247671,-0.061004828472012,0.000704640754020665,-0.00181083976477633,-0.0726816267018861,0.0931813157209002,-0.0518109990510561,0.0104710314702631,0.0398356961663835,0.0187123897160522,-0.0528017039285463,-0.0388627044420545,0.108651640121623,0.0185720036888667,-0.0417303027339587,0.0281343381730382,0.061210366718088,0.0133514395357544,-0.0410476250263702,0.039805148292347,-0.00890565177568848,-0.0284832009129987,0.113135866174902,-0.0545606087681717
"219",-0.10468265651115,-0.040074256512271,-0.0134131829347886,0.0147442205630276,0.0198897530204243,0.0452862271754268,-0.0204178675164339,0.0160458739666464,-0.0712186917253954,-0.0484850563084164,-0.0188354625602143,0.0197619254992452,-0.00120922521769414,0.106274383557985,-0.0257487458769228,0.0721561859061977,0.0615147034690285,-0.0636255724919909,-0.0404034282061743,0.0706104243550822,-0.057435712300192,0.0157595508582608,0.075434463642446,0.085856992277737,-0.0195940320498141,0.0753884735437293,-0.044999387628743,0.0240283741239502,-0.0434350435493547,-0.00614942268230432,-0.000792310887552506,0.0644642112259057,-0.00368165143304607,-0.049020947428038,0.0300149370691698,0.0530986429108212,0.075060073606102,0.0563068324002096,-0.000248121601138629,0.0195125267363823,0.0545573163449811,0.0602833833818039,0.0285065675093756,-0.021200545874427,0.0899069265592362
"220",-0.0525850701997357,-0.0203848142430621,0.0452665439433283,-0.00299226810449779,0.0377085956997931,-0.0481456611593215,0.00434892367118476,0.021707633923273,0.0298702429200112,0.020110017988907,-0.0464854297309101,-0.00940563292607382,0.00876785085144094,0.0714122312907319,-0.035131255754818,0.0405019882850939,-0.0199600238986379,-0.0250390913166343,-0.0494068020767616,0.0407656959240174,0.0116244699030086,0.0264165982712614,-0.0217568430497653,0.0586588742361282,0.0168918692648339,-0.0297603733269401,0.0641115612202905,-0.0425884890225698,-0.0357360909288916,-0.0268600772478324,0.110213541871481,0.0137069631982621,0.0336539689140247,0.0724232943805119,0.0452878193051621,-0.0204360814460734,-0.0167489663549335,0.102563396601533,0.0477503274610562,-0.0196006546056134,0.0737849150032613,0.0111222689342093,-0.00940576463977197,-0.0165882268397514,-0.00605562351336821
"221",0.0343372990930853,-0.000337485278938228,0.0057995022162299,0.0156920319992784,-0.0314262820300437,-0.0514880939391222,-0.0596701123128293,0.0213986416442661,-0.0227704047211074,-0.0361199872482799,-0.0920749663323398,-0.0519828675978125,-0.00991852056280723,-5.77098990122262e-05,0.125175403381624,0.010909362683976,-0.0357093431161278,-0.0452764541300949,0.0056052537609025,0.0132407063717483,-0.0345032098230848,-0.0295086270731474,0.00148292857744504,-0.000185127285421749,-0.0251088920258351,0.00893437501622591,-0.0332918864595812,-0.0904735423404621,0.0738310214549279,-0.00711260149631553,-0.0101991919523005,-0.0247893933343808,-0.0155620662024833,0.00981755080120443,0.00146062494766526,0.0163007489697351,-0.0127295829678205,-0.0610891571973507,-0.00373602114136938,0.00269623497955832,-0.0395493799758734,0.0096963554057281,-0.015995994529987,0.00451933600117256,0.0170636292635962
"222",0.0112457956025982,-0.00818090912831062,0.00156079976910596,-0.00811607691101837,-0.00285595411246629,0.0163837650121271,-0.0135086375802766,-0.0365311064787879,0.0292695245668053,-0.00711817483767837,-0.00128604482939073,-0.0670272035435222,-0.0492063271302034,0.0755229372955862,0.0206726312047905,0.0752784208864601,-0.0249220905055218,0.00537292548146304,0.0110001839239339,-0.00368127654125275,0.0299520346113402,0.0350939420004236,0.0411013513245357,-0.0838689041587103,-0.0161814033501419,0.107868765142062,0.027945202692306,0.06323732351011,0.0575109582053531,-0.0410278411081993,0.0437279834094141,-0.0505739257254265,-0.0151423517849093,0.02022931964898,0.0387043199776157,-0.0160994288316649,-0.0330068512363101,-0.0439102866080809,-0.0224502946863215,0.0566724856897495,-0.0217479971950562,0.0588908300960464,-0.0216080932601987,0.0586550626351306,0.0361657553200407
"223",0.0556482199913425,-0.00980086307690327,-0.00823669616502903,-0.0048325986829748,-0.0115613523283877,0.0644269473188907,-0.0110200469637991,0.0091015738151126,-0.0368947220508076,-0.130726408794116,-0.0327513354769907,0.00207861264320511,-0.0208555978274839,-0.0120851571421812,-0.0447998316693582,0.0492844201116933,-0.0126782485484353,0.0393271524925605,0.01416972251902,-0.0430364668954648,0.0623378194288569,0.0393596564111144,-0.0637340449159813,-0.0517681324721089,0.0103940649008533,-0.0474577689429824,-0.0116563164836075,-0.0554775612150362,0.0107603806919304,-0.0279787110071032,0.0163931288895085,-0.0705127346344933,-0.0138545126727336,-0.00913378297045717,0.0233284523428695,0.127403603049501,-0.00091182804022224,0.0131139263424702,-0.0249695662137908,-0.0259661348802349,-0.115510863748129,-0.0253624514423584,0.049244256650479,0.0495240401751776,-0.0576527732438249
"224",-0.054456820456684,-0.00431691187585817,0.0539386846925181,0.0168962944774353,0.0282530969294471,0.00087920110019617,-0.0107511266106418,0.133911421905684,-0.0341942410038312,0.00847576633047712,0.0110278937802669,0.0627634394670036,0.031064109001987,-0.0632129551287676,0.00932597273617554,-0.01160601321881,-0.0389621080088712,0.0561152580936164,0.0495877058020115,-0.0256525675790505,0.0509546426507271,0.0195267265741897,0.143849026107737,0.169988739613328,0.123939234406178,0.00368081233390644,-0.0580987201580235,-0.0436826561637425,-0.0340222678367338,-0.0186562841061212,-0.0105224932208365,0.0528658216545814,0.0769993963533252,-0.0325343513505159,0.00975237362709179,-0.0215764503718312,0.0043364317426938,0.0688852145470661,-0.0495755468142854,0.0498452987824433,0.0555374745549309,0.0024070108997602,-0.0463521258618896,-0.0334441666445516,-0.023210948458451
"225",0.0355963347895051,0.0322431494455031,0.011084544027775,0.00094464645076,-0.0184688928696647,-0.0990604960882731,0.00807547143082673,-0.0108488041777595,0.0487415556798614,0.0582789604734246,-0.0440534493232643,-0.02740178666694,-0.0113396015650943,-0.0273469875770779,0.0317598232604092,-0.0367398525523611,-0.0978290382634926,0.00830010625639289,-0.00768811546086803,0.000955894261746665,0.0740491042034269,-0.0132578100213356,0.0210517574726711,-0.0233073550687799,0.0581046018150904,0.0677967943772489,0.0233564792370245,-0.0771675382165264,0.082878176450194,0.0371985046317705,0.0526643024389639,-0.0605340949657628,-0.0322280277481324,-0.04617739905456,-0.0134735338297619,-0.0186871735036328,-0.0762112861190672,0.048694623844454,0.0124476061438552,-0.0645770496656851,-0.0527072262142502,-0.0671754542974231,-0.00347039197398787,0.0144023391502633,-0.146935816460668
"226",0.0315732138056322,0.013664479764182,0.0115544134301587,-0.0207087669903363,0.0258282787176107,-0.0633168031649968,0.0534305923745783,-0.0256328814159525,0.0177412636898743,0.0172315657097438,-0.0369589258918781,-0.0219566562273871,0.0309079562355979,-0.0293983501754284,-0.0325781340348474,0.0307913513497386,-0.066745957807043,0.00744147481541536,0.0603414636037791,-0.00835693050016494,0.076157593301638,0.0794947371662997,0.0112159544117986,0.0263554583670241,0.0131034742029192,0.0089457681743983,0.00422388020790249,0.00765469158716386,-0.0809479210146206,0.0471233020536804,0.0121218858083055,0.00158060148490245,-0.0101006619688334,0.00479382613264483,0.0243824073353718,-0.0431380630964435,0.0321387916083801,-0.00228012944128983,0.0328245168068398,-0.0160634719774968,-0.0187512538700433,-0.0262001008870185,-0.0109225186354399,-0.0230936856010046,-0.0632135343196422
"227",-0.000481195176859717,-0.0115503922569924,-0.00661200493115664,-0.0276058394299888,-0.0086226455638034,-0.00307083032543462,-0.00530478247659706,0.0446265175192726,0.0100348285283175,-0.0371451082333177,-0.0836982682828586,-0.0201492728156032,-0.0325932501328626,0.0148782890869948,0.0194791553332678,0.0190191151478795,-0.010307675756625,0.0331200397379373,-0.0202515602165372,-0.0240632668268185,0.0032870504629616,-0.0113625439310318,-0.0431626406635631,-0.046659062266448,0.0109799164657608,0.0271117123359642,0.0690379048934353,-0.058494827690143,0.0313645943679534,-0.093049116824003,0.00375978316307676,0.0233511055177445,-0.0422403502329209,0.0201355780660775,0.00246742669682209,0.0157042174287496,0.0108733940188815,-0.0264439457444089,0.0365142012269514,0.0531324370679357,-0.0463088079427086,-0.031794002853738,-0.0464724341672475,-0.00652582818312416,-0.0738225426992507
"228",0.0184395089104488,-0.0108616916204969,0.0208768500865222,0.005888766457121,0.00803209883987374,-0.0384207114705148,0.0239423139060835,-0.01205033765913,-0.0545579569721773,0.025777782716461,0.023649136583062,0.0569584919119391,-0.0564723270706579,-0.000293506893831438,-0.0263620909914736,0.0110355138573469,-0.0192767707093264,0.0289722268726977,-0.0224724395060173,-0.0711809054994177,-0.0270809150207371,0.0506996421301258,0.0138451623189656,0.00692976685565411,0.0153790383515562,-0.0209960343326373,0.0391399603714682,0.03389101059253,-0.00355097340654561,-0.0173688352204612,-0.0184383553966966,-0.0391733035052016,0.0186836530443544,-0.0276421031902803,-0.0706323013785639,-0.0216726820894988,-0.0397729964460821,-0.0154507620861322,-0.0665930203259517,-0.00536913228332392,0.00766036313258614,0.0347473610564088,-0.00348938003067548,-0.108719679242639,0.0274327015161514
"229",-0.0222788190154871,-0.0111174622635098,0.00962807816346641,0.0458897249439634,0.0203565190183538,-0.0204547137456118,-0.0123776999708275,0.0866477221865018,-0.0448172395211023,-0.0241288857267714,-0.0375423688763993,0.104933799929212,-0.0524323903206343,0.062915265151718,-0.00242879503145004,0.106358679238483,-0.0281587409461677,0.0427134451900748,0.0201455832810389,0.0804759183565214,0.0848353087621054,0.01920652546116,0.098433464898988,0.0788475216984605,0.0144944068720478,0.0370069722168257,0.0152142909217441,0.0646912415773276,0.0278704849634392,0.000567533519472462,0.0221633858829417,0.0158721821850173,-0.00341905131037619,-0.0282814413972936,0.0297284784803743,0.0558591452993663,-0.0241794682030967,0.00434023938779703,-0.0100770508316691,0.0648399406277002,-0.0195020518960355,0.043650267086672,-0.0104057468976357,-0.0140395449254641,-0.0362812792487761
"230",0.0356104479327755,0.030173301918493,-0.00209877360468635,0.0367197868744662,0.00549338119230045,0.0655677616932222,-0.0515907143712419,-0.00490633371347052,0.039265627338287,-0.0367756395612329,-0.0311887784956143,0.0350468808804054,0.0198976605919402,0.0378305367735722,-0.0829585809760618,-0.0284945256138983,-0.050854438237118,-0.0279185032189527,0.0296953614430083,0.00894463183723068,0.0233021154140932,-0.000255294547892948,0.0131527398878021,0.0505955588077345,0.12323225858351,0.00739412301585532,-0.118651275328067,0.034302920039998,0.0669940736911139,0.0316924966182921,0.0495159567989619,0.0214485285119463,-0.0193064038641827,-0.0394138867539774,-0.0146391503877819,0.041502009425767,0.0342450457504756,-0.0372425122957109,-0.0286312673589882,0.0515274888093964,-0.0658950645328556,-0.00322129045141902,-0.0270213750681144,0.0345839365450143,0.0085881616291798
"231",0.0424394029706949,-0.00641245078059065,-0.00955760384580772,0.0167552909216126,-0.0288389312010395,-0.0110927036578148,-0.105434151378332,0.0324901393714084,-0.0367917858301896,0.0116863513772995,-0.0154089200179199,-0.00760486388720778,-0.0716162555953192,-0.00547417350773139,0.0320180061087942,0.0586049835166328,-0.0956238791098663,-0.0585203987207159,0.0221372438974223,-0.00134728679123892,-0.0464889318466489,-0.0831431591188187,-0.0662133037221717,-0.0407615588090945,-0.0701918707249184,0.0183290231494863,-0.00380706480234896,-0.0337094103089812,0.0706998398869916,-0.00593590203752971,-0.0393931326551337,-0.048002302888609,-0.0383213615899561,0.0620112629131907,0.0192992014791174,0.0897918165489355,-0.0166852125735883,-0.0889858379148322,-0.000623686439957169,0.0124533563744216,-0.0852226094597651,-0.00719321555377632,-0.0801266638560576,0.0900521530450442,-0.0247179843140642
"232",-0.0454208056948147,0.0194966573284171,0.077009673683275,0.0215430753321775,0.0164507637662475,-0.0147145494736562,0.0146577446646517,0.13533148499166,0.0701798994277297,0.0081010147027101,-0.0338437816739154,0.0367171209054004,-0.0133235335947976,0.0502562736924252,-0.161853468438534,-0.0421284770379172,-0.0342164384053095,0.0523190777484893,-0.0471053174336946,-0.075101864191868,0.0222414570351084,-0.137230907318941,0.0336712991044988,0.171136176765054,0.0771741120043071,-0.110281665860774,0.061362636234357,-0.151460998447267,0.00498847844873006,-0.0303718203841136,0.0246514226187909,0.0497543786172677,0.020132148921301,-0.0414603634612489,-0.0320909505161947,-0.0404116261981142,-0.0341042989456109,0.0980266534793259,-0.102077719348556,-0.0228736005953214,-0.00879299049352886,-0.0217436412351168,-0.0244985760956123,0.0254723539708348,0.0143020829056714
"233",0.0283198855225058,-0.000531789686083814,-0.014368246754924,0.0276582371379626,-0.00163030519375997,0.0298973543377263,0.0797770113751751,-0.0409619599371511,0.0465429089006308,-0.0445769509817855,-0.0138056338367443,-0.00716470370752829,0.0323656997181083,0.0406003368177009,0.0127972548340032,0.0764027212200146,0.054970747367953,-0.00640835194712007,0.0169347729931068,-0.0391659585144061,-0.0323168964588029,0.000995917117149953,0.0219097539237251,0.0508875667616728,0.0309735672935373,0.0208979783020469,0.0423658312848225,-0.00018943682853766,0.0898154481874231,-0.0144113970485069,-0.0374439768033724,-0.0348525124881316,0.1109513920404,-0.0205498001024869,-0.0614798314746372,0.0327247314651809,0.0580188554365899,-0.0346217949395613,-0.0440566051069024,-0.0539728941045857,0.0075033889087634,-0.0429358398621056,0.0190665912432722,0.0142656546661806,0.0112559404944451
"234",-0.0414246838159358,-0.0521628827665349,0.0215624529872044,0.00370214367230797,0.0143948644337854,-0.00446686570366643,-0.0473877985293782,-0.0358027462355736,0.0045948527835872,-0.0271747272781786,0.105184951969286,0.00903520999196993,-0.068507789082283,-0.0602799864285375,-0.0267001584653127,0.0291759136417389,0.0845513010314344,0.0164773812624978,-0.0239414481130452,0.00539023357207937,-0.0533820541791807,0.0432086916828612,0.035795015610539,-0.0118510268319071,-0.0378569718407529,0.0761377202573449,-0.0421004119003255,0.109066130513256,-0.0534008711570176,0.0275383854479691,0.010746505322278,0.0484166196306611,0.0147674524677195,-0.016074186151204,-0.00248294165368142,0.0564419497364046,0.0082087770286421,0.0851242415532142,0.0731733577768418,0.0395771746943142,-0.0210230633047085,-0.0321132347980679,0.0425596873720348,0.0239341823990654,0.0250641090436399
"235",-0.00450812523153571,0.00833343245577343,0.0273591708924682,0.031787412666302,-0.027029268460069,0.0548036008373838,0.00921139314309163,0.0420178198551132,-0.0013990222534068,-0.0669015750222187,-0.0534623855781539,0.0409248920519585,-0.0310299489608817,-0.0635090479477312,-0.00756050118381692,-0.0660932987874426,0.0451266775624292,0.00524383375476351,-0.00062615471917518,-0.075657663321328,-0.0131298760536762,-0.0675474846636054,-0.0111387189929039,0.052052112888854,0.0375049551323784,-0.0186496233580786,-0.0959056538665778,0.0119125049003242,0.0527044943484397,0.0221090488053535,0.0416229131371173,-0.0809526412859079,-0.00192847287959112,-0.0288920964048687,0.0347178745683475,0.0879985480602782,-0.0675177447783215,0.026888723869984,-0.060489257658615,0.0278269086538922,-0.0476114226142032,0.0652443961895624,-0.0775811022279647,-0.0893018901098318,-0.064423847333395
"236",-0.0863205344116476,-0.0375985220380626,0.00222861358006053,-0.0269866994891902,0.00319356004331127,-0.12111122456373,-0.035302582983043,-0.0999241564708776,0.0299268077991105,0.0575068239149077,0.0252723124780845,-0.057453571269915,0.034839753751205,-0.0039085508081288,-0.0295475269548357,0.06446249260814,0.112957783956078,-0.00615411619044896,-0.120068446056285,0.0406077914296354,0.0709704424318356,0.00396948432201932,-0.0177311270612932,0.0731015912171918,-0.0124655493110241,0.0836452234700999,-0.0401286793160053,-0.00748562670935532,-0.0785557816789925,-0.0795117339580491,0.0150441491847252,0.0111087582894619,-0.0485383976085387,-0.0708753341760063,0.0625274327238016,-0.0339625925870027,0.0694199037113058,0.0611525058397823,0.0498623160218211,0.105342075591732,0.0233916734889328,-0.0431892529411865,-0.0482451794150197,0.0117524446403658,-0.0165745218869932
"237",0.00597474990099116,0.0103969307123264,-0.00366446617205484,-0.00520462547701049,0.00622699066091167,0.000279963900992719,-0.0573824157263191,0.0187219833089815,0.0205065814812626,0.0613447684396799,-0.0199052016755755,0.111684790134128,0.0546488053862842,0.0311382110875656,0.0361578064079736,0.0301312970415093,0.00331116289406572,-0.0274508408974302,-0.028022243861189,-0.0912824618871961,-0.0366768102168706,-0.0699863776154055,-0.0180781925192247,0.0228192056929134,0.0411927932034562,-0.0342917629325495,-0.0337322136905121,0.0057973688956282,0.0492793617994686,0.0723287140185148,0.0788423055130024,-0.0144866787459275,-0.0377824106118593,0.0619599189363286,0.0207302458498829,-0.0207040630655986,0.0273588393998439,-0.035213542762055,0.0435981811830199,-0.0844169711643843,0.00501553074296254,-0.0562335544554638,0.0799237887258168,-0.00797946923247999,0.00146538719552761
"238",-0.108388483149031,-0.00532796684169623,0.0354236471567551,-0.00440748113277496,0.0416343731681279,-0.060825874482394,0.0323208648468664,-0.00715989358272783,-0.0190169819286685,0.123352589712941,0.0207590838825598,-0.0825545714530416,-0.011359982466923,-0.00459030426234574,0.031196715239512,0.0461774395036794,-0.00422889212048551,0.106681402758106,0.0391832301437187,0.0542951026100574,0.0692946941973003,-0.0225721458491674,0.0871215761501521,0.1598338510086,0.00130417325925095,-0.00740842905511882,-0.0128222075940427,0.00351253327189684,-0.0107347892452725,-0.00184209327798381,0.01834944939675,0.0602642131817051,0.0661860484206927,0.00121433508724298,0.0617970402873911,-0.0593012483131803,0.0508864150968175,0.165190486668027,-0.00884956721431835,0.00557749126418427,0.00114233993727178,0.0822148606853639,0.0681471068936067,-0.0397694498087222,0.0715852129512429
"239",0.109120331909214,-0.00111797275285275,-0.0171524607524015,0.0266242650552606,-0.00194867333924078,-0.00334155214810215,-0.026001849222381,0.0374884859966148,0.0462130585995566,-0.0102255869061556,0.0333382654044531,-0.000105200352122338,-0.013412342496541,-0.0896758461024606,-0.0345052391557687,-0.0207607482642126,0.0441436650892266,0.0200977882997879,0.0393538079664636,-0.0533424444394092,0.00277492816292894,-0.0466195811555442,0.0406272272713997,0.047228867656916,0.038300414861881,0.0325791404623092,-0.0259931421638704,0.00386724324810419,0.0871720457179073,-0.0476047415995662,0.0384505612286485,0.0519038774555857,0.0570853433502728,0.00754266550329216,0.0875192356477331,0.057098854696679,0.0293730372512443,-0.0327682129355676,0.0266493205146501,-0.0408758903089909,0.00838615611228283,-0.00462016123680569,-0.00425589191095937,0.0465624928700385,-0.0620717900219521
"240",0.0853895261899942,0.0209013510316669,0.031443417680537,-0.00707320322785459,-0.0166307744402448,-0.0351412409647212,-0.0448855393016074,-0.00972207619362652,-0.00691371104144651,-0.0461982309596905,-0.0620319641945689,0.074154784922087,-0.0556768134280181,0.0301644409309821,-0.0540997842835581,-0.106923594053766,-0.108724412094642,0.0222631143020502,-0.0449066882550818,-0.0808766703566152,0.100768548214977,0.0478313655257679,-0.102292744346483,-0.0570017389717015,0.0417612840462112,-0.0564184940826494,0.0799448253830773,-0.137054200647971,-0.0154150852695756,-0.032678920850401,0.0429041215902905,-0.0387016312316554,0.0116531182860683,-0.0454261630606837,-0.0230471462672696,-0.0149136024117263,-0.0706104490027119,-0.113169136224526,-0.065570598545178,-0.0464882396406189,-0.0676630852261654,-0.0366588344703963,-0.0396847870930476,0.0828996876874312,-0.00336524081879088
"241",0.00536138997111315,-0.000361254552128746,0.0506554613224893,-0.00604859758786336,0.0140070707152963,-0.00337725394714258,-0.0592543057225336,-0.0423071705587998,-0.0345204313119402,-0.0333245863914802,-0.0396393038770053,0.0685250219473629,0.0482892777692138,-0.110598957722604,0.0870204644078666,-0.00715341826182448,-0.00288025888578425,0.0371360904939568,-0.0229300692557485,-0.0432037476150648,0.0394426191977122,-0.0360265779050662,0.0389651371737717,0.043748996310565,0.0621724664464796,0.0386195675705734,0.049603598913519,-0.0484936327999447,-0.0439316096273682,0.0421974103700427,-0.00310239095230474,-0.0402463506650584,0.0663037485425227,-0.0371745713395888,0.00777195132791062,-0.0178989104301256,-0.0452779391620979,0.0152876907221872,-0.0599425120457459,-0.0206636288974716,-0.0995955191962039,-0.00798776187827227,-0.0433906958061969,-0.000108807401374964,-0.0294289616262574
"242",0.00741144119329006,0.0156731951480817,-0.00809073533824608,-0.0302001360976321,-0.0210460189961887,0.0931551805824311,-0.015455118141915,-0.0154626715927273,0.0985681116783264,0.00522238840263062,-0.00717299531601505,-0.0720555579716443,-0.0262133490527932,0.042614877116198,-0.00979792520982507,-0.0424200391558258,0.0129370743442087,0.00417431356966355,-0.0459024425033243,0.0629173728152117,0.0024933774723189,-0.023930419040665,-0.0216598061255847,-0.156356039094397,0.0431795914837138,-0.0198275802406774,0.0718579791404068,0.027417579479565,-0.00386760481328074,0.0129441330941944,-0.0290248648661203,0.0138640131519677,-0.0322898835709909,0.0397899854145601,-0.0532842852496053,0.00718731503994841,-0.00638822525333269,-0.114534832406084,-0.0765346790023951,-0.0103994590556437,-0.0424064367797641,-0.0585088695615497,-0.0157025513563613,-0.0375897133796298,-0.0271653289134166
"243",0.0270168263475336,0.00757110521248836,-0.00948695870409075,-0.0254549637177074,-0.00157967248462439,-0.0213480400240964,-0.0222668728147407,0.0306963715421265,-0.0263473163100693,-0.0340506806013101,0.0249050121428474,-0.0724452262062884,0.00645260667722175,0.00234845762975039,-0.00176794636863511,-0.0471360680989055,-0.0148854999802773,-0.0142143695753083,0.0355004250258819,0.0325796889937229,-0.0122185445756553,-0.0558217440340645,-0.028677432868607,0.0162457898407707,0.106328871212718,0.0150363880510138,0.0528727918796973,0.0663628727240134,-0.0795983859090102,-0.0540640678026182,0.030312717882356,-0.0728329923796247,-0.0346425047309856,0.0253211363428613,0.00811092544466393,-0.0111760692578288,0.0611810902256044,0.0442058754289589,0.0333697995892941,0.0730602565944372,-0.053122624426781,-0.0641695602480954,-0.00337795773061762,0.0579500937074506,-0.000424642505143607
"244",-0.0139654147629074,0.013579934008984,-0.00602703042266041,0.0180229397547497,0.0348947120240405,-0.00682151956885091,0.017351649798617,-0.0462207725813186,0.0212209000866962,0.0385723577538836,0.00624786091869791,0.0521974057709878,-0.0203115408431826,-0.0564433343221316,0.0554718644752369,0.078258054140415,0.0484232941125877,0.0235782761514021,-0.027347537060171,0.0610300691213954,0.0174282173467481,-0.0122228384539481,0.0428283662474283,-0.0523641994855663,0.0587728726521191,0.0274242230560133,0.00805515984807774,0.0498016530251206,-0.0167791594584483,0.0420554785082567,0.0143985301483921,-0.0124322433045954,0.0128819063554104,-0.0201657934417652,0.041918571660258,-0.0161354598817751,0.0628571316751696,-0.00114364985163212,0.00447567032998345,0.0227050462680317,0.0180446660344857,0.0375994948804681,0.0817363934693088,0.0115210340768445,0.0512981145683412
"245",-0.0705328160060932,-0.0182561438840288,0.00309211785810303,0.00849892630254722,-0.0064730521204072,0.0436720093156548,-0.0265987691032842,0.0719652433256517,-0.0013380352065802,-0.0102862939162615,-0.0422005993720686,-0.0416091580274501,0.0301179316337998,-0.00661393333205563,-0.0324857124075631,0.00729073139319396,0.0267606345768428,-0.0266373664267526,-0.033051106987386,0.105568743720218,-0.0188446764382919,0.0616304803827301,0.0173528639326885,0.0259020725878397,-0.0142079055273808,0.0390116717264786,-0.0290701660049402,-0.03141830903694,0.0341831886672046,-0.0371999033647738,-0.00480780178092632,0.0280735540347199,-0.0404835496709541,-0.00906521943702754,-0.00881374115219308,-0.02671696215418,0.0743907043242009,0.0214891057391504,-0.00755060645856687,-0.00051442168377373,-0.018913665007074,-0.00375839870900536,-0.0338687144598557,-0.0168847680836055,0.0311862506739241
"246",0.00154204442448457,0.00430149810057078,0.0503427810965692,-0.0219561560216202,0.0112424094054859,-0.0434837336210012,-0.0993546796675719,0.0718252992285651,0.0018745819029146,0.00583430745042107,-0.00711255342093609,0.0264470104236049,-0.0406742542033688,0.0628110116899928,-0.0266968996333054,0.00890645567424162,-0.00910971024477265,-0.027809971082045,-0.0648419033956144,-0.134913930666417,0.0449965260918266,-0.0231209831947472,-0.010495233257757,0.0874785244305211,0.0257664068357134,-0.100884382353582,0.0670764187181208,-0.0622095721884684,-0.0256313692700522,-0.024536456010453,0.0285673976899867,0.0174232650741662,0.0746135056760026,0.0702175422015952,-0.0365540511362439,0.00893177941145024,-0.0151316465472562,-0.0617010881798306,-0.0221060300538251,0.0684565440857073,-0.00934464786180372,0.0366140076666248,0.0615914068739793,-0.0486606829296279,-0.0238601444048344
"247",0.011920336334413,0.00272598925429048,0.00605164203985573,0.0511973780266764,-0.00814376432740838,0.0265517608265477,-0.00444031059163998,0.0241734863751714,-0.0676004094204185,-0.0566404206554893,0.0470544501079779,0.0427606630255753,0.0172641527269409,0.044158024101681,0.0269030638175882,0.0452221935576283,-0.0359013419972056,-0.0361624596790837,0.0171551968729017,0.0426425116973297,-0.0203980580566146,0.0044505824342288,0.0378443603070522,0.03762556747017,0.0212829967189019,-0.0155343833084703,-0.0630024785835747,-0.0430214892305961,0.0548036397358673,0.0194611469101202,0.0190786656839849,0.0196089720746782,0.0162190059403706,-0.0359098332857394,0.0679481161307043,0.028566846604634,-0.0571177199398484,0.0152937626947666,-0.0229245912190528,0.0241064102719551,0.0845165456933137,-0.0193260250202168,0.0673567174058805,0.0346184466488036,-0.0730334674598525
"248",-0.0263634439425105,-0.00482080441557272,-0.0118475909463019,-0.0239313112676872,-0.017887562737078,0.0749693219552184,-0.0562622945841736,-0.02613213572042,-0.0209635157790599,-0.0373647299562178,0.0660853189524231,0.0120768311329373,0.0423281447394889,-0.0304475808203605,-0.0185647383024773,0.0425888394969178,-0.0324140324476406,-0.0371019824522676,-0.0174480116844353,-0.019154123567573,-0.0162443982462949,0.0376662924985703,0.00693298074968729,-0.0499934644162583,0.00531754476619664,0.0105325371150687,0.0165490686643538,-0.0639391412004064,-0.04791762089614,0.0233611780247528,-0.0520982192446583,-0.0104557213993882,-0.0733030896068197,-0.00436818820935397,0.00789837756693773,0.00887856277634183,0.0164106091199734,-0.0515239968223528,0.0450883919010673,-0.0364051021771863,0.0174853164004499,-0.0493880728979477,0.0660647152328373,0.00333466766063215,0.013698383756746
"249",0.0313826784202188,0.00944891278480623,0.0103397713700218,-0.00826520850558321,0.00814485536371144,0.0215344210549367,-0.0152358224130413,-0.0510188076454312,-0.0257084927437609,0.01113457147786,0.0243102638468074,-0.0632658426363487,-0.0501892171649746,-0.00217203322268728,-0.0918484072343665,-0.0520957413187798,-0.0973292293224983,0.111630525851977,-0.0264725043652876,-0.0204410128845288,-0.00752874057506046,0.072090133343556,-0.0730587501955865,-0.0203882225005424,-0.0251948922917869,-0.0824030389054535,0.00462240035123314,-0.0493486683406837,0.0989208723178705,0.0343080432051122,0.0112305746674078,-0.0353473469379371,-0.0423094650077562,-0.0172561641885384,-0.0154905566254673,0.0095302003916523,-0.0316633839957317,-0.0154760464021799,0.0752878772726139,-0.0343658862363254,-0.0557284385215722,-0.0265271138178762,-0.036380873634033,0.0280005177619478,-0.0505274581074039
"250",-0.00231994524545746,0.0647911653999651,0.01262180883602,-0.0219207450485986,0.00470735832942876,0.0228890280959877,0.0685373944382874,0.0764629172056896,-0.0470947143236326,-0.00982727609630264,0.0503442414414513,0.00782424267000439,0.075752412396354,-0.0212636308679114,0.013893224394635,-0.0758580451467595,-0.0584762451719624,0.0901198054795228,0.0577451224029649,-0.00229206392902758,-0.00589725617935518,0.033740837063409,0.0349988040605109,-0.0382324509264644,-0.0317706225740662,-0.0264942199790172,0.0269724458703956,-0.0925993733026643,-0.0203811438844331,-0.0298463041399081,0.0982507614006948,-0.0124078247600765,0.0246980996779141,-0.0178705409698285,-0.0762358939203069,-0.0385780520548041,-0.0571648923663003,0.0562275735937319,-0.065013941692297,-0.0216745904615287,-0.0190528046035118,-0.0310234893854291,-0.00895187059369786,-0.0342848915289347,-0.0294473866285336
"251",0.0578741876734788,-0.0177279556084534,-0.0336558489826169,0.00655457142635795,-0.000952435971771868,0.0134873455418626,0.0113059373535446,-0.0263789818369401,0.00246588207145341,0.0119912332407186,0.0585973053136769,-0.0113038865854991,0.0421888221384523,0.0387766715597942,0.0588985987954944,0.0663622988248051,0.00678909526747868,-0.0245850219095974,-0.0188693147768746,-0.0520856852791892,0.0554787860648874,0.0307817884516501,-0.101897478210897,0.00654724238169273,-0.0887401375788082,0.0233213937041831,0.0200798041939815,0.0574562629546711,0.0508028117003869,0.0885276285308679,-0.00307844767102,-0.00597114040932403,0.0195348499389429,-0.0386896054207318,-0.0517030971667173,0.0277544514658651,-0.0180583090099975,-0.015117136263698,-0.00919759125676677,0.089017701875846,0.0671826277574749,-0.0442463807583486,0.00602947773904807,-0.00191957384944119,0.0497162944987169
"252",-0.0200289287276247,0.00175944000793945,0.0252813957450399,0.011598263440477,0.0146783219473507,-0.0262866444138035,0.0326656231727729,0.0740670436135074,-0.0769704265155643,0.076881278752842,0.00122195269194299,0.0252611471153216,-0.000545306241308948,0.0237882349880037,-0.04729829159392,0.115853936355162,-0.0444183436458301,0.104856726054703,-0.0505838051396015,0.0407296643312043,-0.0520757072832707,-0.0170814954828558,0.0271408397487531,0.0164587894921786,0.00331714437142211,0.00241463708339231,0.0527081887438226,-0.0424310724326868,0.0157419840658153,-0.0044852583415885,-0.0122324521455477,-0.00509793276786166,-0.0223762968582246,0.0364510415216568,0.0171244523976879,-0.00113701693249426,-0.0222970371307168,0.0786401096501932,-0.0471439697221924,0.0572846136725699,0.0209960902810434,0.0155321427356088,0.10747101848468,-0.0443283505379031,0.0126590133332711
"253",-0.0271201509713068,0.0155281499296601,0.00942519881682757,0.017997543912674,0.0127630015152514,0.0449570705216073,-0.0718292637945522,0.0375081770518237,0.0112521379826049,0.0438468777345768,-0.00507844465327033,0.0347719828658713,0.0443591304876831,-0.012339627004045,0.00425378011574433,0.0514748345499581,0.0413679871180495,0.06758288770016,-0.0014179373211615,0.0813632638435732,0.064346242691567,0.0150789585796113,0.0496612852548049,-0.00357738033545063,-0.0456434503892668,0.00394812355605179,-0.00114248043798353,0.0580177080723368,0.00721542331865808,-0.0333936648839136,-0.0406820662657915,-0.0185345028750301,0.0306405982733322,-0.0397589403630147,-0.00570671143854981,-0.00638061086503431,0.0283116485971862,-0.0710427449477404,0.0401363143635615,-0.0751521017737648,0.0476052024939766,-0.0268753973826554,-0.00908277068562676,0.0345591524495042,0.0648400550225755
"254",0.0456101307696188,0.0703038726043302,0.051326918725165,-0.0104798436631264,0.0347237390731688,0.0397844043864151,0.0279357801016311,0.084212850578384,0.0599792541340995,0.122620589917527,-0.0673714840534233,0.0718042637450199,0.132898214131636,-0.0604037286456995,0.017440348044009,-0.127207355053477,-0.0805683665782247,0.101949240923094,-0.00345978299649431,-0.0338820056129151,0.0312201202552786,0.0374753837539468,-0.0409915818388853,-0.0958535826092489,-0.0474887224263114,-0.0245996121414308,0.0385173170198772,-0.0896260346102614,-0.026196145286052,0.0101439247807639,0.0180263180612647,0.046849542517937,-0.0190382728437429,0.00823635881363195,0.0341402671631324,-0.0749359193391634,-0.0908815062321094,-0.00930771543045729,-0.0297274539561657,0.0388518262155997,0.0212786042714938,-0.101184013310595,0.0269462642360915,0.00495012495484746,-0.0174099091447748
"255",0.0578045967565169,0.0190405615673951,0.0195590188405235,-0.0144292070834827,-0.0253188496535584,-0.0661747317327865,0.0200706747941342,-0.00720144328164609,0.0121139550164528,0.0377535640577295,-0.0665341379955047,0.0415070917141242,0.0682755592216608,-0.00917701284813269,-0.0407639279182722,-0.0353139820774234,-0.0381478767717288,-0.0182091900364069,0.106074507096318,-0.0981646422523783,-0.0320877616505692,-0.0127532216670741,-0.0506009721394636,-0.0472169299804075,-0.0142923889958722,-0.00518825178534829,-0.0667935104958498,-0.0518368300902562,-0.00416182842425705,0.0411217783842662,0.0302372484560334,0.0209173812452752,0.0143042007059804,-0.00469991863004582,0.0651216362811567,-0.0553910776972275,-0.0514136250609953,-0.0504172161869166,-0.0488168152495864,-0.0486525837395979,-0.0841612196801886,0.0195031133439911,-0.000240640550210548,0.0458355619268239,-0.0116092459154264
"256",0.0244559596753586,0.0225243686236829,0.036203877147227,-0.0444298490627133,0.0306412057054845,-0.0195846452406823,0.0283120267089754,-0.08684742964576,0.0362721115353603,0.0402608481473353,0.0436686022799602,0.0408378417429314,-0.0495945362420034,-0.034672342861047,-0.0658760474393939,0.02327957378449,-0.0843436431610921,0.0656520368267028,-0.0495412754070389,-0.0543306719043914,0.067127524148754,0.0643645522835673,0.0507712847106027,-0.0453060041545684,-0.00184162399278578,-0.0524017150345316,0.023568784706192,-0.0922866858837035,0.0083794483291617,0.0174229995197667,-0.00430755343770995,0.0840765607619352,0.0147005717345662,-0.0272998262759034,-0.0875078478901008,-0.031878246364963,-0.101140482034869,0.066324471204449,-0.107126978974865,0.0443030563497961,0.0177141315192268,-0.0349560027890951,0.0330549358745403,0.0450075855676553,-0.0721876649950862
"257",-0.0270461068809595,0.0110017059117895,0.0298483060822435,-0.00384974539922041,0.0121571220317123,0.034343049342966,-0.0672788979378472,0.12234649023364,-0.0257204552886904,0.0604139998399837,0.00974923177279317,0.0210624987381129,-0.0597154298013612,-0.0350804856403636,0.0347356801813721,-0.024587404419453,-0.0677002830047548,0.021376851325752,-0.0298304245283936,-0.0563182883585262,0.0350652745309935,0.00536067399217615,0.115482599613961,-0.018199337416013,0.0341205608690923,-0.000987716634152331,0.00957976867509929,-0.0702822704480028,0.00337000112471971,-0.00141814595551657,-0.00767704425800621,-0.0483378134067813,-0.0500944463185226,0.0488987670317728,-0.0618749243503312,0.0567036435260776,-0.0537994870188278,0.0214914827581771,-0.0234332403848045,-0.0134678992113265,0.0521674759805497,-0.0531172794929183,0.00430872039806918,-0.0972615875003414,0.00290558942982616
"258",-0.0665883170222482,-0.0135530905228365,0.0350633541426461,0.0183448323939593,0.0438788919991183,0.0651215807519753,0.0446498192853113,0.0990592365728043,-0.0181598165717304,0.0664019700443157,0.0647732304051024,0.0209362713235285,-0.0378815496725702,-0.000702597490639023,0.0269286331439043,0.0718702704224697,0.0515363354681679,0.0450311376443849,-0.0214341129431999,0.0221829466885712,0.113783816661572,-0.015366256918279,0.0872426811509254,0.0767220092288606,-0.0301845948963494,0.0372628130776723,0.00219103746673662,0.0185713780953852,-0.00751820348275945,-0.0237053861077134,0.0633643986179489,0.0100593945583244,0.0666801669405192,0.0386259061527225,0.0231532841290443,-0.0366509209136172,-0.039831795695252,0.0895365635497871,0.0625227583635134,0.0328064541881332,-0.00452926078225435,0.027845730449389,0.0230633207020696,-0.0249462011854111,0.0552056594665721
"259",0.0112060814849764,-0.0175866227456869,0.0336646209228766,0.0017795842611891,0.0326125732031852,-0.049106153114391,-0.00202438466270707,0.0584815124477907,0.0055761707302951,-0.0117379338900292,-0.0418251529521889,-0.0264360352790911,-0.0566013781099954,0.011686314126014,0.0626129090472155,0.090671973103489,-0.0295885179214395,0.0167834776238261,-0.0352766510865536,-0.0295168088389569,0.000798633651133751,0.0328251934776146,0.0193955840598918,0.0346595845625551,0.0199428674946021,-0.0270852046197698,0.0976109594330192,-0.0132786772312353,0.010297734355506,0.0645943730149439,0.0282416653379613,0.0101693627104892,0.0250878997950997,-0.00323133398972231,0.00596601713944313,-0.0696498194998253,-0.00439065475633876,0.0754458493503042,0.0551993643111138,0.0439429802809016,0.00562402096672199,0.0211946539897072,0.00172023657597217,-0.000517131116069943,0.0372319953623461
"260",-0.0328066637707406,-0.0075631230045585,-0.0336310643303621,-0.000838667967757092,-0.0307383692026243,-0.0194053014395508,-0.0354340192929623,-0.0160826735097148,0.0130021201192053,-0.0693659745373339,0.0497598554601917,0.00922996878557333,-0.0290377163814075,-0.0148806175411228,0.0483671610182661,0.0340571601840217,-0.0284247766072812,-0.0592986990839944,-0.0171326516555821,-0.0364546121792996,-0.0683138269560273,-0.0177068152444133,-0.0346314130697372,-0.0777443678485169,-0.0190149042434144,0.0697762919406728,-0.0182094874305182,0.00745558073762908,-0.0229283237320158,0.0115044029153169,-0.0638367602555074,-0.0300118830890528,-0.0430164797203329,0.0156717187241772,0.0482355983297545,0.0158446388848108,0.00993701124501844,-0.0406156906862257,-0.048594744355127,-0.105198322526764,0.024537662665115,-0.0240520188351763,0.070484580528121,0.0655053806673864,-0.0293883962856096
"261",-0.0593455733111232,0.00810119168361396,-0.0093744502166694,-0.00384896237059785,-0.00655757291176198,0.00794423202466051,-0.0138894806869369,-0.0550663805318797,0.000170042425408532,-0.00899612667157553,0.00543103848789341,-0.0177833720714164,-0.016017391893555,0.035727389342309,-0.0522073440790177,-0.052986638901269,0.018119226429935,-0.00573013236340229,-0.000249656146549034,-0.0296452290445588,-0.0856970858686903,0.0497101705630557,0.0782638884559838,0.00528788827770709,-0.0511466368760175,0.0414565329356582,-0.0211702353223009,0.017828787891761,-0.109189605553849,-0.0234129727080439,0.018591699992304,0.0326562477849605,-0.0335713535114543,0.0210805938078207,-0.062579296151539,-0.0245339915334501,-0.039967040741136,-0.00943517871102222,0.0427197582712516,-0.0431330794782621,0.023894488475891,-0.0783748453441355,0.043827166977283,0.0193500100733344,0.0573999904891221
"262",0.0343715868747471,0.0310468349893118,0.0495588684032379,0.0130877762381209,-0.019886508994315,0.00911956982689047,0.163673626997373,0.0526045993981017,0.0187784113094635,0.0595617724451592,-0.0654058217592356,-0.0116253023406744,-0.0833681332327264,-0.046457697067066,-0.0413520429688688,-0.018344674194554,-0.00856194376540852,-0.0351391182615497,-0.0149779138015055,-0.00991316940337575,0.0420209589010372,-0.0422899699802632,0.0373412405736439,-0.0621897232470433,0.0260887801151728,-0.0599322491679137,-0.0447579682809857,-0.0534029044628438,0.0292011230176127,-0.0631545762987411,-0.0238891369122048,-0.0480195930963794,0.0124280010521401,-0.0428999077459856,-0.00758903180021194,-0.0125849623507103,-0.0319855319887296,0.0386832855882167,-0.106596349864548,-0.0150402742770764,-0.0655283394690741,0.0586504266505771,0.091134866335618,0.0456683466674417,-0.10059585337074
"263",-0.0353755282375283,-0.0307378254839491,0.0464714588801357,0.0177899247337698,0.0212841033996289,-0.05402678935958,-0.00892224527615998,0.00990115912544743,-0.0153848280289422,0.0304084580304364,-0.073005890347873,0.0322005459072195,-0.0918395857359968,0.0334493122807908,0.0252578660435494,0.0810916519246828,-0.0352987002492028,0.009987124856676,0.00209755490946803,0.00295186978106804,0.0349278115555695,0.0422658839131147,0.0701429405313466,0.0808693436999772,-0.0539369996214411,-0.0399672772001361,-0.0171705563639365,0.0432896181174255,-0.0612740130293538,-0.0224514165919303,-0.00865683443512114,0.0210733033928501,0.0238421313969406,-0.0824705242863275,-0.0441260771519796,0.0149771759267994,0.012702253149965,-0.0298716149905829,-0.0511079858298146,0.0184713871858951,0.00884351040133656,0.0742366114870996,-0.0340603932976252,-0.0997435845241774,0.00276399905718867
"264",-0.0631788537274811,-0.0512295459706261,-0.0154171639651455,-0.00128545875909071,0.0374176070660159,0.0106968420150583,0.0280809612754825,-0.0701869496727667,0.00685648635421431,-0.0158567993779725,-0.0644007795218776,-0.0626100182422428,0.0657186146732289,0.0602858900059953,0.0643981606776319,0.131229459624334,0.109908531391467,-0.0593082997660696,0.00649071197703411,0.0400845503427641,0.0684701071831844,-0.0787218550584605,0.000354924758923229,0.0180355504054146,0.0425098190551586,0.0301221433694866,0.00259696202015268,0.0657102097400978,-0.0144143091518116,0.0414610041038126,0.0304344082378647,-0.039955537294,0.0302302555888288,-0.0127421100961272,0.0208089205066395,-0.0413441816078715,0.0505335468850295,0.0754993106312056,0.0737669574013509,0.0638745183841168,-0.084231510363687,0.0147177678058414,0.102375344111203,-0.0235578014559713,-0.0481563187035325
"265",0.0146081912137445,0.0362661584300464,0.00316175472016577,0.0189041639759259,0.0315960510881208,0.0984599939011724,-0.0592221104446899,-0.00656077012156811,-0.00486206986142801,-0.0741099377471317,0.0924160389347919,0.111513548120077,0.0625559946565938,0.00697223273699359,-0.005301607289937,-0.0430034920758405,-0.0270084182205335,0.0855343497783948,0.0970205025788428,0.0769207165573818,0.058714884427369,0.0364392390050113,0.0878649908721118,0.0532725305082741,0.0119774802626723,0.0685928592042362,-0.0178301150965099,0.0519757525477965,-0.0345278586179375,-0.0241989149779779,-0.0433863962719857,-0.0449319503545649,-0.0434077016830968,-0.0389650171733628,0.0330667734471823,-0.0639313759720237,-0.0723367800174396,0.0665087262957503,-0.0277472773371816,-0.0640971986129728,-0.038595650118269,0.00342558175473795,0.0572960923522729,-0.0423770641960915,0.0471383017601712
"266",-0.038909699841403,-0.0138795445938863,0.0604369269900277,-0.00286895096230817,0.0177156884458195,-0.0942497304546519,0.0405718490118632,0.0410530545891866,-0.0287785920772608,0.0673435894864535,-0.0416378378393859,0.0347768595217784,-0.00749477070953271,0.0278676338208907,0.0189785159934589,0.0709134074027539,-0.0190595090443666,-0.0179238276712905,-0.065571559965017,-0.0460852955067743,-0.0171933650745263,-0.0528849791294061,0.0809874613135859,0.00238877506986158,0.0101878441989779,0.0726128954591963,-0.0109602560169666,-0.0984521933742341,0.00837724630505685,0.019505165752555,-0.00155561891735927,0.0506421851859105,0.0150768187848193,-0.0779722156952121,-0.0602807225481946,-0.0856685929677048,-0.00667554582962943,0.0892522069808275,-0.00796780429448512,0.0490242326334191,-0.0291299833175455,0.0306532623155385,0.00900036429629445,-0.0258857749069865,0.122243259674278
"267",0.00183664523279492,-0.022542624656303,0.0377261303584737,0.0227050634780014,-0.00975150257170944,-0.0417790018657252,0.0119723189730938,-0.0140666730057425,-0.0464225969139633,0.105637632719865,-0.0365576637079794,0.0597586313336845,0.0501941123712907,0.0255345032401677,-0.0295459558294955,-0.0625282160363499,-0.0116180298685027,-0.0345264450543657,-0.0122293335286238,-0.00782946879775819,0.0143921006148732,0.0401213707706477,0.0542440738212126,0.0577109477617797,-0.0418278139198855,0.0893245128122444,-0.00155740317022377,-0.0173937169683418,0.00513655048228448,-0.00934301050490831,0.0529124373597352,-0.00829780135976834,0.0109171491217973,-0.0456173707118178,-0.0520481509145163,0.00714958175861694,0.0625087887779247,-0.00487571381470187,0.0454981782305116,0.0618366399708421,0.00213684476395869,-0.0163447416814482,-0.0347706879271408,-0.00309740779180892,0.0534563819257626
"268",0.0625319790143374,-0.031216710471792,0.00750642596275571,0.0443542121819432,-0.0158560677768692,0.0053052222545186,0.0275581636179721,-0.0334929397124082,-0.03817258833814,-0.00493628972345638,-0.00235760923883476,0.0730504853945873,0.036500239964494,0.0687875575445039,0.0808952960198145,0.0235486263567611,0.025717856256668,-0.0687843950641781,0.0316009198452722,-0.0231155416493536,-0.0125428645813752,-0.0440043670337885,0.00667106711718446,0.0272862550822225,-0.00369690632918347,0.000549331257660416,-0.0640224311741567,0.0606987779731911,0.0662066284112422,0.0387803349919416,-0.00412254282903657,-0.0433444129842146,0.0424633127205178,0.00759447781362135,0.0446716530944113,0.0697983881344862,-0.0102624373230433,-0.0517584596908969,0.0570430550492717,0.0268459613983297,0.0100635747809556,0.0952150059649,0.0612059059115685,-0.00317303929499402,0.0359006535768475
"269",0.0659951710014451,0.0420623429073526,-0.04476375721181,-0.0198937699638394,-0.0252346065054494,0.0924282644578718,0.0133525622635899,-0.0116346086077621,0.0479956403032794,0.0013400236108645,-0.0429154815491506,-0.0148883952000948,0.0111722707364071,-0.00865985408703342,-0.0152766634357088,-0.0679973516175802,0.0202061379484908,0.0239991867924026,0.0956190387359773,0.0062904515547311,-0.02193635293231,-0.00341045640147778,-0.0210624963482111,-0.120407255824719,0.00951958967058524,-0.0364516777061572,-0.00981645514661657,-0.0147852269829648,0.072602799268361,-0.0807879393283105,0.0413056871587645,-0.0549480413559344,-0.0870861981553109,0.0602150815404953,0.0112189262633185,-0.0217693044931025,-0.0199954894352637,-0.0463241487484368,-0.0235436934018581,0.00590064736912038,0.0681997990922404,-0.0992876958701603,-0.0341162506280334,0.0393028518274278,-0.00980981648285699
"270",0.0437559955263118,0.00195639254752957,0.023032109742834,0.0165633391656218,-0.00481135485377763,0.027838070155027,0.019103884699869,-0.0333136174488777,0.00961249709277335,0.0307077552472262,-0.000580973724823901,0.0163150046081092,0.0344774041611508,-0.0102765032499149,-0.00732848900934228,-0.00364157405815591,0.00535098228357589,0.00935774022488968,-0.0307743279023707,-0.0194870073509486,-0.0146905803094199,0.0314617988181329,-0.0257549325583514,0.127043549459531,-0.0718999861558132,-0.0402125471698208,-0.051963988098955,-0.0289282368898126,0.0453848960044624,-0.0277223263937809,-0.0375151643397658,-0.000332119190739364,0.0662082551956818,-0.0195306485369416,0.0156445210201764,-0.0983736109746842,-0.0320537015395694,0.00394487062161313,0.0370927207814439,-0.00526932964971407,-0.0134408947119656,-0.00265868958437255,-0.00231130311193017,-0.064675366276372,0.0266506608138306
"271",0.00280438938004228,-0.00934792761388653,0.0191348623427646,0.0188608204599914,0.0105173039959724,0.00366619444955028,0.00507609081081617,0.0453588308972331,0.0210341338510355,0.0504975658509438,0.0110888833322333,-0.0512017316076419,-0.0572848953015989,0.0144447045767804,0.0774106418148288,-0.0312672248294414,-0.0704505162317772,0.0134509280706219,0.0250969605160301,-0.0310969567746926,0.0308656034290535,-0.00698271143394367,-0.0249174024573342,-0.0339845815511385,0.0275223033962971,0.0314828870695159,-0.0437406889361723,-0.0462619663089782,-0.00308855960284686,0.0328982929961392,0.0421850076559449,-0.0458906947166161,0.0250155663944528,-0.0609665532508312,0.0657994270630475,0.0516451266449107,-0.00252148944326267,0.0434521160838335,-0.0284028775790646,0.00117200462971623,-0.0457080349591423,0.0509596968959731,0.0236999407994396,0.020386999320496,0.0324626153267896
"272",-0.021324244264866,0.0258414146887065,-0.0579204233515398,0.00321702731489061,-0.0147277159506034,0.0630720677321099,0.012535188652386,-0.0592778693811915,-0.0484234815676837,-0.0406313403026072,0.036955154405136,-0.0313209277679389,-0.0721164441248992,0.0546406644725297,0.00221855383659564,-0.00544970873947171,0.0694087560972048,-0.0733735047117707,0.00715871872172643,-0.0238735233483441,0.0101913627274741,0.0427417465399404,0.035448779650023,-0.0118945947289374,0.0345189664180325,0.0687860383590807,-0.0539262514711662,0.0450102655899047,-0.0331578448072828,-0.016481552138185,0.0509396931832658,-0.012375207925519,-0.0184979119038253,0.0822666332833065,-0.0524941609881183,0.0275673863195398,0.0437462447365418,-0.0452091308711056,-0.0479181957704355,-0.0188761445016429,0.0550132839856568,-0.0536653884458412,0.000599630032076038,0.0281204764930452,0.051690236391447
"273",-0.0407434690985586,-0.00191948331660588,-0.0190323038445346,0.007421133853197,0.0141739467144098,-0.0434907784679569,0.0103831892737612,-0.0396059467788091,-0.0105403383928804,0.0266364696999,-0.0416098157837045,-0.0655592934111394,-0.0471361636002025,-0.0372505919612002,-0.0240957738855167,-0.0339726130781532,0.0236070734707056,-0.0322122781891607,-0.0183614309112378,0.00644245407047596,0.0239041453503913,0.0522114566552438,0.0484679813122274,0.0568309647212821,-0.0538890406027639,-0.0427318889209727,0.0520285048469357,0.0812849604643137,-0.0410107912685209,-0.0843651477743579,0.019372946561493,0.0727178782734182,0.0727350172861497,0.0511897671722386,-0.0268831160230247,0.0133741503043967,-0.0412806404297908,-0.00229443806137248,0.0268306124800319,-0.0471625641491457,0.0139646344970957,-0.0197702624727876,-0.027181617260931,-0.00861211001409859,0.0380151161315323
"274",-0.0357453728619205,0.0288799705339944,0.0223855272343668,0.00795500123428696,0.00510799648603232,0.0232607129050012,0.0339191780481124,0.0262169939473238,0.0175572582188726,0.0659547208053143,0.00156503543028738,-0.0061885125584021,0.0507549142543462,-0.0568396352259239,0.0344363942327574,0.0272970792693576,-0.141027906611957,0.0109287652569582,-0.0127279970113495,0.0462040280701378,0.0351900476778301,-0.00429078496868117,0.00800283651707421,0.0529246833917792,-0.0211064626690957,-0.0411554983169884,-0.0150376034197117,0.0242333264211576,0.0121563515514602,0.0283046106760827,-0.0434612959106271,0.0630362741408139,0.0409652055496556,-0.0295950699918491,0.00486817401606365,-0.0267346357509793,-0.0259887986421319,0.0355944403584381,-0.104410783534653,0.0692572825818667,0.00539055763296043,-0.0402487160997678,0.0371594597180994,0.0641308592580549,-0.0754830757516797
"275",0.00719091302135366,-0.0149574523502785,-0.00517192747700927,0.0363026925837553,-0.016280335949605,0.0434441939854242,0.0077281725486858,0.0417697961418641,-0.034116169367626,-0.0101840706247038,0.02872710887497,0.0393654273631148,-0.0762450694293623,0.0871023549477787,-0.0160873793158088,0.00757444659017389,0.0951459566396055,-0.0318373573710424,-0.0130478441787742,0.0797604616906348,-0.0210823053068979,0.039154037526728,0.0654466012629598,-0.0365444885386241,-0.00811630056424251,0.00691602666513512,-0.00839015143012763,0.0401075337709985,-0.0857457791923298,-0.0252696741061334,0.0408526675986311,-0.102847211942211,-0.00531546351526624,-0.0276152490516305,0.0375786511679345,0.00148571287368694,-0.0564931518692595,0.0436281286795365,-0.0244859156580079,0.0344457636427155,0.00373364143514695,0.0730028460041889,0.0431920371360578,0.0551955887129301,0.0127305395705504
"276",-0.0248483459623581,-0.0157128703924922,0.046154552160317,0.0133401956996333,0.0209703153366024,-0.0228265202417359,0.0247954564716745,0.0976060033581069,0.020433754470156,0.049175270559199,0.0817531121151358,-0.0364356533217383,0.0159913943178798,0.0232415514453135,0.0408462673414856,0.0647085775018231,-0.0582175471704298,0.0697866614518342,-0.0668694948266908,0.0244497045286065,-0.0529156330554831,0.0108399011347915,0.00904015543468528,0.0851956225214262,-0.0362525569474573,-0.0517068259400273,0.0200079519937458,-0.0268547913117461,0.0163892146790836,-0.0286029161661769,0.00996535907267393,0.0623881651073356,0.0301612733245496,-0.0513837930992533,0.0452894033711511,-0.0604949222565968,-0.0932580482467726,0.00899781792128364,-0.0616436916438202,0.0985451797816652,0.0362694016235336,0.0783977673070744,0.00144242677141755,0.0487814867853571,0.0407162519460922
"277",0.0101502914654156,0.0271659769456276,0.00862715801195267,-0.0009909881606569,0.00948957061951597,0.00364577305035083,-0.0380474645293128,0.0673439393588515,0.0190131694611173,-0.00841282775362127,-0.030084916016647,-0.0433725399539822,-0.07673929900136,-0.0294982962820333,0.0266466974675121,0.0595776115530382,-0.0576847094663394,-0.00741086607158419,-0.0188163950101187,-0.0208169239381001,-0.0152753199779067,0.0152263009586354,-0.0254741591511825,-0.0150518512083452,-0.0349862260009255,0.00696452229887783,-0.00425366654020514,0.0079793005773948,0.0543869559464086,-0.0516125885471169,0.0399414883824964,0.0733025162190993,0.0441777351050113,-0.0154610089887304,0.0313901272583521,0.011473207285369,0.0302477501823916,0.0212366885281178,-0.0545451233736263,0.0369110105931988,0.0164596095588015,0.053783542325887,-0.0616936889629989,0.0492025774406737,0.0299493549625806
"278",0.0938166924730457,-0.00564744479993263,-0.0214729741553768,-0.000906049085900154,0.00229108115268543,-0.00122318179505974,-0.0117925104550694,-0.0243545641538727,0.0213572708705221,0.0204430888565874,0.0595197351486156,0.0371677924502497,-0.0323884929916408,0.00484325905580654,-0.0439540734224716,-0.0864451613660643,0.0289086418586698,0.0743636552737358,0.0709203329746072,-0.0618270875876164,-0.00115571368701997,0.00935186382016201,-0.063840281987186,0.00750000509578404,-0.0532712123351613,0.049788427942031,0.0130475245531951,0.0338947137848844,-0.00494320304476573,0.0630598906794527,-0.0298079615871026,0.000403644503736989,0.0286215534862831,-0.00210628729145131,0.0465675042732598,0.0937508333170735,-0.00976264548024901,-0.0540362177349924,-0.0430815443308128,-0.0139446557519086,-0.0416602621441584,0.0241070158761385,0.0626249158324311,0.059077012482222,0.00855269527795354
"279",-0.00317323236486359,-0.0433214251036645,0.0126532322619806,0.0143160464605969,-0.00683634847351536,0.00984958115331281,-0.0472986650717498,0.0509841887888962,-0.0129864764402242,-0.0357698510840401,-0.077062643711394,0.0126277138340109,-0.100618063372003,0.0591263367589714,-0.00661475516024209,0.0742223129105823,0.0819229938672081,0.0632082721798208,0.037062935808159,0.0116310266184536,-0.000546335967965264,0.0019643480176007,-0.0325479907543976,0.0356721496287377,0.0250431150481234,0.0472012670826315,0.0223108410852364,-0.00924205410275308,0.0450408758009281,0.0525158456373196,-0.0902872353946386,0.02086406581121,0.0707050789732977,0.048437478724655,-0.00216256925559812,0.0494327578184467,-0.0429258999373751,0.022700217011369,0.0523852412845968,-0.0176010533968616,-0.0112749798871062,-0.0524575331407274,0.00384987361820092,0.0166800249332659,-0.0121313699091036
"280",0.051242080023736,0.0443288361045319,0.0113118537211861,-0.0131139623301712,0.00338556610416338,-0.0117741475185209,-0.00143637059289949,0.0114710936989413,-0.0181806980392171,-0.0460423303941404,-0.0345626287462282,-0.0333410445070351,0.00854688102385986,0.00941133560684077,-0.015606523675828,-0.0823734200753207,-0.0871775294185264,0.0718855756106728,-0.00705930636788342,-0.0115631213582075,0.00640558524898561,-0.0271141837089418,-0.0267278327231831,-0.0390110124135769,-0.0229241818409749,-0.0116156259750436,0.0481057701986188,-0.0796596491709705,-0.063369367710124,0.0264365657894523,-0.0105336896208686,-0.00592626527120856,0.0116059359416995,-0.0632209011459749,-0.0221919283932494,-0.0508795775929795,-0.0569919048020321,-0.0608766205418366,0.0285495827865955,-0.0159827113756443,-0.0689298332970461,-0.0593780734459789,0.0719045939403471,0.0430026533928135,0.0875792842453069
"281",-0.0492979335432622,0.0491124832518248,0.0172570321426807,-0.00848594701818024,0.0160460219902347,-0.0110542667713674,0.000767338731320503,0.0133278662736799,0.0226960432207038,0.0303551016706671,-0.0234392976885218,0.00482649021410507,0.0585309286617818,-0.0786169858731981,0.0762177884355584,-0.0447573070590506,0.0185263648575546,0.0100452380842384,-0.0608779666191333,-0.0101612915634204,0.0567957102690929,-0.0292717094783209,0.0522773027759532,0.0115978741540771,-0.0312306966788018,-0.034313638432883,-0.0201902918868811,0.00266252461907298,-0.0586604967053102,0.00810700813535034,-0.00552070203183428,0.0367413775679256,-0.0260878077810746,-0.0152567109978366,-0.108012095987534,-0.123537934462839,0.0302206587406422,-0.0474289476229076,0.0124384982915404,0.0530151129757235,-0.00119820373555692,0.0792134886419911,-0.048735101633136,0.0145499649688953,0.0015671148511425
"282",-0.00454887034963336,-0.0576998584158024,0.02435989540439,0.04841712904406,0.0385263706147705,-0.076026116543532,0.0465988529821717,0.106721223124675,-0.0300932530994371,0.0458114765203023,-0.0240611600557155,0.0194492898776781,0.0291731744613061,0.0726400440269536,0.0884632952919087,0.095113621207571,0.0897266004768008,-0.0347327179531145,-0.0596482735856041,0.0798157676901973,0.0198140570381395,0.0306991238660937,0.0347388981113333,0.12090987018457,-0.0272482648254526,0.0334033975430355,-0.0692225341300406,0.0664718756449021,-0.0495289514524429,0.0684876727200028,0.0235497475778037,-0.0360004539042814,0.0765674658637953,-0.00731774389481281,-0.00715731736870191,0.0336659358207697,0.14283513705949,-0.00765077340311098,0.0622622880920522,0.0217276477155809,0.0178198802256282,0.0445331541539498,0.0103830239128624,-0.0432897409359884,0.0356979553053764
"283",0.0169983558914551,-0.00428437759078134,-0.00355779760209007,0.00602217525806327,-3.60104859215352e-06,0.0216722643281091,-0.0289705943893432,0.0123968163506388,-0.00952612925727415,-0.0308835192432586,-0.0121460025396291,0.0260694333486857,0.0723802429000044,-0.0461813775552515,0.0407231865586488,0.0407399277623438,0.0926131865057893,-0.0165772712145242,0.0713216336301544,0.0630612340392665,-0.0192544972360147,0.0174998717890621,-0.100807515340788,-0.014583248052651,0.0143199390547638,-0.0117386538340252,0.0452937416239582,-0.0489833688856336,0.0073203233878391,0.0137111325354742,0.00898230768522676,-0.00809879001452665,0.0442940479006389,-0.0196764486626981,0.0529105192155824,0.0816804497849215,-0.0441491071662167,-0.0263449676117065,0.0839036230136002,0.106841743730308,0.0345702583809137,-0.0623909489197246,0.0308885233589412,-0.105745702946037,0.0488617814523492
"284",-0.00701389326817879,0.0119840865045931,0.0276017146477692,-0.02219219348999,0.0122815313453884,-0.0102716960418117,-0.0549215573099166,0.010299177280104,0.00649544517680376,0.130273208988281,-0.0703818697176832,0.0199740147556955,0.0592691765455568,-0.0465835412791735,-0.0434259631346664,0.0335226197046458,-0.0430151005263083,0.0787559271914609,0.00292025930764188,0.00483326262931252,0.0868962163920878,-0.0254003074803646,0.0420736263440539,-0.0520900989714015,0.0199176408001877,-0.1103562482274,0.0417853048404543,-0.0137170166160301,0.0656864478472375,0.0638840098299309,-0.00257842686663283,-0.0372858533819192,0.0220081288277446,-0.0523489049387386,0.0539973538348301,-0.0573680958622238,-0.0981466649811975,0.0306718477485812,0.0369404198576385,0.0180535638382678,-0.0436463395188717,0.063686906287542,0.0193894148410768,-0.0400037340966712,0.0122227201579545
"285",0.0219655745856877,-0.00677166930489113,0.0228717518128259,-0.0278751265193402,-0.0210139642525534,-0.0721177122633433,0.00893107386235982,0.083639868367871,0.0440267324060363,0.00453206943685759,0.00939883635401617,-0.0145178323909249,0.0204952290380039,-0.00591759862899823,-0.0855779139208617,0.0255245162540968,-0.0679208094357708,-0.034231674833343,-0.102331887703379,-0.0406208136030717,0.00914472050892879,-0.0262170899010934,-0.0191142851691702,-0.051171449698481,0.0470690594965408,0.00597622001914155,0.000692220522475914,-0.018338075654688,-0.0197156159498966,0.0421291257836015,-0.085051226403684,0.0482172147262818,-0.0315275923193555,-0.0521473159546465,0.0338239046154215,0.0532215405172675,-0.0510820658972188,-0.0413656197498382,-0.0104067534981574,-0.0119297370523016,-0.0923330343457087,0.0202512794180509,0.0125936676056937,0.0359291338355811,0.0684476808054425
"286",-0.0170533109883649,-0.0207364066496286,-0.0052703816165654,0.0279168228130502,-0.0288611498736027,-0.0254207714760327,0.00759721807469526,0.050486437524323,0.0424357724397853,0.02409354330522,-0.0276851081301533,-0.0361094209499311,0.003699454279526,0.0588271981855702,0.044634995621387,0.0277518135230319,0.0591940259276464,-0.0111358224075293,0.0153555215120145,0.0399372764182392,-0.0336774012638588,-0.0610344175185582,-0.0239832566204361,0.00566984036644744,-0.0486574823242654,0.0214586059857187,-0.0533626351023092,0.0523002570034376,0.0552888975452718,-0.0343007688882678,-0.0327041408147225,-0.0187518553376294,-0.0050715596151549,0.00362298655529514,-0.0236767886947895,0.012269068687928,0.029890140085881,-0.00963011305564353,-0.0644610537223,-0.0685490075945819,0.0263985073683933,0.00996683514183233,0.0179691746650942,0.036769517341891,0.0262378231567702
"287",-0.0690988424219334,-0.0252538277412609,0.0135073474806176,-0.00380245696272007,0.0155152699739813,-0.0576969489390651,0.00393555911843678,-0.0288016414917443,0.00313514222123586,0.0116873230526178,-0.0494081320055673,0.0124699630923625,-0.0736608675657542,-0.0350027688991846,0.0117675576070358,-0.0291362898778177,0.0293377810291623,-0.096733165386314,-0.0631178464096718,0.0717115905013382,0.0501991566961312,0.00911640582762364,0.0144507994969242,-0.00154947637933801,0.028710840246507,-0.00904500202189759,-0.0365287269471445,0.0610216805313624,-0.0622514107149595,0.00392755811432795,-0.0292424535602786,-0.00835092022853524,0.039671180134482,-0.00740273370593213,0.00635476496192432,-0.0558447098762244,0.0285223501997306,0.0917990192950378,0.0156170691459132,0.00913874700580878,-0.0428371767771997,-0.0145977695475082,0.0106793445387854,-0.181874046159179,0.0332137417671764
"288",0.00948499401663562,-0.00354186312736156,0.0153881365922431,-0.00762236074356263,0.0010539531216984,0.0324942638751059,-0.00337580689288605,0.0189126851276254,-0.00396404047286992,0.0612715483481695,-0.00661004528612353,0.0293382187921079,0.0202189132023519,-0.0491456266659226,-0.0110869392945152,-0.0374706002893223,-0.0855948682214598,-0.0200061436685262,-0.0505089335131447,-0.0401541936104503,-0.0377413492268347,0.00731805629783982,-0.0746792872704915,-0.0301968246032541,0.0404611621980897,0.00195873509074646,-0.0302400174987599,-0.0421243570760992,0.0610274742548418,0.0480567459986627,0.0312368131115566,-0.0033972393381654,0.0112908136531229,-0.0543551348114339,-0.0250830516155252,-0.0145243588562801,0.0579326578454308,-0.00183843725387924,0.00526345791861691,0.0427846936490206,0.0459509783162961,0.00841470496524759,-0.0459018183396164,-0.0274928382193268,0.00922918649190521
"289",-0.0241120772126277,0.00851733483603494,-0.0324997616615244,-0.0124546045913298,-0.0319177314728404,0.00803635945515453,-0.00190111763465954,-0.00808712628428328,0.0314791395096836,-0.00548266897735748,0.0270200995647701,-0.0699911672329569,-0.0092995601983816,-0.0586867901882656,0.029005850872584,-0.0883746743469042,-0.0136927114735153,-0.0824441044653525,0.0470063838001616,-0.0311398520005181,-0.134080931709458,-0.00747675914242032,0.0197891589340613,-0.0173147061059129,-0.013557249516261,0.0674263336845717,0.0122717005994609,0.0313366976028908,-0.0273452747142585,-0.0773275727390346,-0.0551236204517987,0.0660560350627141,-0.0125026638990731,0.0605399827806538,0.0633918762685607,0.00362645772762125,0.0262036822737242,-0.0800584340307631,0.00692673766878782,-0.0194342686462086,0.0303897376398339,-0.0407422236082994,-0.00781254477831445,0.0307427553101661,0.0924596642459159
"290",0.0698316057609742,0.0123997611631624,-0.0325408900885556,-0.0187281635584828,-0.00148629866382215,0.00881211967082254,0.0204254646211116,-0.0892662309892552,0.00521543952729913,0.0536888184878803,-0.0897105927076109,-0.0243021410024084,0.0524322999100181,-0.0536038904046867,0.0136355845532345,-0.0746053479932459,0.0262464766416274,-0.0728080726539471,-0.00244184806519558,-0.0707260737303123,0.0556460265114685,0.0162629355720894,-0.0542269191017499,-0.0344355053606506,-0.0247550831268628,-0.0232807882194761,0.0286470144371962,-0.015415542930755,0.0100628394030142,-0.0245458521112116,0.000253798506895058,-0.00943702512609095,0.0174060479536374,0.041889341937191,0.0925503231591675,0.0237165462107046,-0.0270815154022874,-0.026398811033433,-0.0113042649190679,0.0430690798468869,0.00216879147287401,0.0230518274219378,0.00747451570760138,0.000832960330608031,-0.0505108472696286
"291",0.0490936110207471,0.0567286085654703,-0.00411944820370854,-0.0398237086486283,-0.00545929925144239,0.0421785171412128,0.00791389788253833,0.0962977753185506,0.0226575923693116,0.0574275983843723,-0.0738742258564268,0.0464861766264239,0.0125696023265451,-0.0130125209155546,-0.0381393433771327,-0.0849821616127277,-0.0154385784921483,0.00296178899868935,0.0508716343792507,-0.0195260434206207,0.00809926739411708,-0.018611929961058,-0.0808423510874434,-0.0603418095942435,0.00525494331379034,-0.0484016926499262,0.0176652588610976,-0.0207945868327987,0.0440039005389459,-0.0309790990924652,0.016066814165738,0.0607019013118403,-0.0213589268681944,-0.0258013292316415,-0.0195617924962977,-0.0663784673912109,-0.0603185464647652,-0.0485303472557695,0.00278892205335071,-0.0712576595393059,0.0531004671148989,-0.0442544551332147,-0.08077782833172,-0.000410970272006114,-0.0523912734585616
"292",0.0307057031482083,-0.0179624014007715,0.0385040494636469,-0.00941178258174148,-0.0053908994596234,-0.0823654288979168,-0.0149172212040084,0.0502379836030467,-0.0210954636271118,0.0260139018217141,-0.00992639631318172,-0.0274032494946233,-0.00996230464856629,-0.0101893632601003,-0.00602646164984501,-0.0372990725161408,-0.024677843060678,0.0710298078333,-0.061150069854984,-0.0163290208808854,-0.0554425429862678,0.0479652432392358,-0.0288735103925236,-0.00531643191364236,0.0357841448833434,-0.000741823020802827,0.0153673629569732,0.0294869363155839,-0.0019746504804546,0.0414764224415111,0.00975553530316316,0.0516353869159854,0.0630390874707558,-0.0133907434775342,-0.00665943829854001,0.0375403531138638,-0.0875184060240704,-0.0305449912593991,-0.0116772928480467,0.0142040613010297,-0.0199217504740524,-0.0297530795663775,-0.0137848834703404,-0.0221837281753081,0.0215529985636658
"293",0.00338610580094602,0.00950216090005223,0.0140768559869864,-0.00682489677074133,-0.032065867430353,-0.048318226533777,0.01796248814518,0.00953571530217454,-0.0150288694035209,-0.0695219915954693,-0.0509007498761374,0.0405811813947112,0.0256838775298076,0.0151674976608627,0.0209591386048505,-0.0475934178873859,-0.0368325009918407,0.0510534047876864,-0.0271905941211435,0.0142935453247022,0.0172426795733422,-0.0429029558957012,-0.0814188289890675,0.0332317678180865,0.0519644590892348,-0.0860495528416933,-0.0654100988176163,0.00400417521129533,0.0635035932788237,-0.080790284764237,-0.0658482936973901,-0.0154047536331426,0.0313047501946854,0.0383842501056296,-0.00964893529443237,0.0202194179380512,-0.0374171436519182,0.0179105124836922,-0.0157400936242267,-0.0185223788837714,-0.040861996203138,0.0203416312541932,-0.0221678280399687,-0.0112788281852924,-0.0620295391753078
"294",0.0216568975299411,0.0328766119877363,-0.0344980365612675,-0.0311879588286723,-0.0214076486070184,0.0668133733761228,0.0294937449196529,-0.0338901674097916,0.00355745589327109,0.0117969360917362,0.000728860666364391,-0.0137667505416211,-0.0117886401040761,-0.0046835752140305,-0.0164296056431195,-0.012457256458747,-0.0275582547777681,-0.0121122908811479,-0.0418977303318606,-0.00991329873908749,-0.0129825651436889,-0.0295403648558533,-0.0566537345603138,-0.0451084098463369,0.0565462660194807,0.0519836544181823,0.0396709328553395,-0.0485233736543014,-0.0287274501297594,0.0119994334058307,0.0155049339512458,-0.00622325934380933,-0.0559922507468244,0.0298283568259275,0.0178304203486519,-0.0133029101936203,-0.0435684904793536,-0.0565577379448988,0.0577971544548218,-0.0952272776233329,0.0176254217418166,-0.0885496580358432,-0.0516376030965557,0.0412311818830222,0.0189566379021642
"295",0.0632651475342039,0.0400059521786259,0.0196252983444803,-0.00511055537977773,-0.00483510718884934,0.0226083333431926,0.0355501588687162,-0.0233260945498815,0.0364816589270648,0.0663368523602299,-0.107576838273535,0.0212679644661948,0.0314423190825903,0.00383896735390776,0.0326997515464193,-0.0693852667550586,-0.0978869056668198,-0.0463363365997057,-0.00142602843247283,-0.0991583393528075,-0.0442364768636965,-0.00862753586613429,-0.0192433327315653,-0.0340261788120537,0.0605933321648378,-0.0477358508371905,0.0529144196119553,-0.0824612298385397,0.0850091245175001,-0.0252867359214229,0.0148401493323118,0.00492169226847743,0.0204343194675426,-0.0373863862397773,0.0163088731404996,0.00966021540538764,-0.0848577969221467,0.015458425659386,-0.0923589863645317,-0.0871730877255329,-0.00228482749738096,-0.0210917892270823,-0.0291475122212907,0.115310324164388,-0.0222105634292443
"296",0.00642092050253987,0.014792344902953,0.0308970107121289,-0.029369000315403,-0.0040654384456376,-0.00261460086044943,-0.0213318385039008,0.0410982454703082,0.0972061609050193,0.094220522579421,-0.0350479043468919,-0.0142392155479957,0.0237184224490562,-0.0192551433198325,0.0279627236663153,-0.0109684765808783,-0.0828505877854457,0.0529658478893752,-0.0636555472501502,-0.0297959440324545,-0.0254595674675955,-0.0211361797331264,0.0529715007638944,-0.0340318766329807,-0.0286757255936411,-0.00829308095042929,0.0040677399008279,-0.000954149007519889,-0.0137781321772082,0.0363165611285683,0.00983227711924628,0.00925135948903197,-0.112567183549305,0.069058312129758,-0.0312765761397836,-0.0833290173335923,-0.138528337191561,0.000493083700830871,0.00756594120132999,-0.0204303246018329,-0.0288546019156024,-0.0441907611885149,-0.00229001235019604,-0.0438660652146784,-0.0167139524227712
"297",0.0277319246288354,0.00520411347634135,0.0069327852822253,-0.0136818201651267,-0.00535269522001706,-0.0108486229162904,-0.0368901247370788,-0.0204434363497364,-0.048873775004745,-0.0491411201386958,-0.0631685668532796,-0.0502702691882274,-0.0210852006730285,0.0153930316382434,-0.0544125972480937,-0.00673667566771828,-0.0473226435352015,-0.00102929336434636,-0.050839405070849,-0.0492203895092896,-0.0192475739491053,0.0178967690782595,0.0422084001458896,-0.0453974012509359,0.077801184301395,-0.0185249136245219,0.0181369911644949,0.0220305100223072,-0.0439378755388239,-0.0719356946766867,0.0443258653260999,-0.0219522142248514,-0.0546973734914613,-0.00311431819147429,0.00556564209142002,-0.0337566885100048,-0.0316675479503582,0.0609369504286244,-0.0315553064366184,0.0259104883702809,-0.0153968360563229,-0.101598867329802,-0.0149422756988785,0.0874239851080973,-0.0251412495254697
"298",-0.038134999709423,0.0696435165008245,-0.00504497049414019,-0.0177697642956333,-0.0164365456006089,0.0109633001700688,0.0154052109624609,-0.0712649142667603,0.0089486958411127,0.0846534037236718,0.0453848740343426,0.0296735302889262,0.0499464149832182,-0.0866040638480826,0.0083378334678344,-0.0051531742698151,-0.0213603352740206,0.00368370323781734,-0.0355590536618309,0.0215042662926061,-0.045647854956035,0.00389166627039225,0.0666629819903004,0.0173603617809452,-0.0224347924602153,-0.0196549380345977,0.0472999211711934,0.0180250199758605,-0.0334035893429105,-0.0347663938198077,-0.00776406922823644,0.00853651132913293,-0.0530617735845679,0.0819421558157445,-0.0314369484881426,-0.0340286539403867,-0.0321931778513896,-0.0435755588163336,-0.110711976750916,-0.0519502064118595,-0.00317642998962667,-0.0564573526979845,0.0710948782315852,0.00462524470021319,-0.0467996943013454
"299",0.0675823254930417,0.0176588147768791,0.0295989968993112,0.0224528440371284,0.0330836341741913,0.0603392158647007,0.0883213648557641,0.0419656318780776,-0.0353427463098362,-0.0153270026755446,-0.00377072908503407,0.0460254139291999,-0.0602139833720356,0.0487412747040517,0.0124063128349644,0.0540788362874915,-0.0196890318938895,0.064472573536844,-0.0399725894545773,-0.0517010662808167,0.0533682322736567,0.0910734325882638,0.0107450031098811,0.000586970950123864,0.00392356266882047,0.015175630210124,-0.0176812531129818,0.00932292947326077,0.0647598440490821,-0.0346691846880614,-0.0547520406954539,-0.0983347780123322,0.00337547954742138,-0.0063925143020517,0.0328629371342908,-0.0857182371379617,-0.0584902509900425,-0.0469344633920531,-0.0334530990633628,0.00847909630872145,-0.0028690030340221,0.0396082121963304,0.056221421137295,0.00904745834800307,-0.000476889075092329
"300",-0.0634960680809824,-0.0579830272550291,0.0468205984830454,0.0439098684125445,0.0142601014712718,0.0259821802699172,0.108520543180731,0.0127955621759196,0.0216981157953381,0.0149515856643685,0.0474562595133101,0.0683228888272887,-0.0164040077691654,0.101543700617039,-0.0317936937030594,0.074375626862027,0.0165784198641576,0.0362915636965393,0.0520307484162948,0.0131588210127681,0.126014319612721,0.0524274755465478,0.0548965309520587,0.054637408834642,-0.0111850941880653,0.0653131027002295,-0.0431912042356234,0.0843460910647839,-0.0192195449774926,0.0513862283432445,-0.0202589030189788,-0.00882266070989641,0.00273316346952274,-0.0295020033430407,0.0150522382912045,0.0508690814745324,-0.0329124162937242,0.068508700104876,0.00733459276303185,0.0212078130307799,-0.0280776536591157,0.0425328535035423,0.0224393177856643,-0.000685639725774442,0.0216996168841799
